0                  7
1                 10
2                  7
3                 11
4                  8
5                 11
6                  8
7                 11
8                 10
9                 10
10                12
11                10
12                14
13                 9
14                13
15                 9
16                12
17                 9
18                11
19                10
20                11
21                13
22                10
23                15
24                10
25                14
26                11
27                13
28                14
29                12
30                16
31                11
32                15
33                12
34                13
35                16
36                12
37                16
38                12
39                14
40                15
41                12
42                16
43                11
44                14
45                11
46                13
47                14
48                12
49                16
50                11
51                15
52                13
53                13
54                17
55                12
56                16
57                13
58                14
59                17
60                12
61                16
62                13
63                14
64                17
65                12
66                16
67                13
68                14
69                16
70                12
71                16
72                11
73                14
74                13
75                13
76                16
77                11
78                16
79                13
80                14
81                16
82                12
83                17
84                13
85                14
86                17
87                13
88                16
89                13
90                14
91                17
92                13
93                17
94                13
95                14
96                16
97                12
98                16
99                11
100               14
101               13
102               13
103               17
104               11
105               15
106               13
107               14
108               17
109               12
110               16
111               14
112               14
113               18
114               12
115               16
116               14
117               14
118               18
119               12
120               16
121               14
122               14
123               17
124               12
125               15
126               12
127               13
128               15
129               12
130               16
131               11
132               15
133               15
134               13
135               17
136               12
137               16
138               15
139               14
140               18
141               12
142               15
143               15
144               14
145               18
146               12
147               15
148               15
149               13
150               17
151               11
152               15
153               12
154               13
155               16
156               12
157               16
158               12
159               14
160               16
161               13
162               17
163               12
164               15
165               16
166               13
167               17
168               12
169               15
170               16
171               13
172               17
173               12
174               15
175               16
176               13
177               17
178               11
179               14
180               13
181               12
182               16
183               11
184               15
185               11
186               14
187               15
188               13
189               17
190               12
191               15
192               15
193               13
194               17
195               12
196               15
197               15
198               13
199               17
200               12
201               15
202               14
203               13
204               17
205               11
206               15
207               11
208               13
209               14
210               12
211               16
212               11
213               15
214               13
215               13
216               16
217               12
218               16
219               13
220               14
221               17
222               12
223               16
224               12
225               14
226               16
227               13
228               17
229               12
230               14
231               14
232               12
233               16
234               11
235               14
236               11
237               13
238               14
239               12
240               16
241               11
242               15
243               13
244               13
245               17
246               12
247               16
248               13
249               14
250               16
251               12
252               16
253               12
254               14
255               16
256               13
257               16
258               12
259               14
260               14
261               12
262               15
263               11
264               15
265               11
266               13
267               14
268               12
269               17
270               11
271               15
272               14
273               13
274               17
275               12
276               16
277               13
278               13
279               17
280               12
281               16
282               12
283               14
284               15
285               12
286               16
287               11
288               14
289               11
290               12
291               13
292               11
293               15
294               10
295               15
296               11
297               13
298               13
299               12
300               16
301               11
302               15
303               12
304               13
305               14
306               12
307               16
308               11
309               14
310               12
311               13
312               15
313               11
314               15
315               10
316               13
317               10
318               12
319               13
320               11
321               15
322               10
323               15
324               11
325               13
326               13
327               12
328               16
329               11
330               15
331               11
332               14
333               14
334               12
335               16
336               11
337               15
338               12
339               13
340               15
341               11
342               15
343               10
344                0
345               11
346               12
347               13
348               11
349               15
350               10
351               14
352               12
353               13
354               15
355               12
356               16
357               11
358               14
359               13
360               13
361               16
362               11
363               15
364               12
365               14
366               15
367               12
368               16
369               11
370               14
371               12
372               12
373               14
374               11
375               15
376               10
377               14
378               11
379               13
380               15
381               12
382               16
383               11
384               14
385               13
386               13
387               17
388               12
389               15
390               12
391               13
392               16
393               12
394               16
395               12
396               14
397               14
398               12
399               16
400               11
401               14
402               10
403               13
404               12
405               12
406               15
407               11
408               15
409               11
410               14
411               14
412               12
413               16
414               11
415               15
416               13
417               13
418               16
419               12
420               16
421               12
422               14
423               15
424               12
425               16
426               11
427               14
428               11
429               12
430               14
431               11
432               15
433               10
434               15
435               12
436               13
437               15
438               12
439               16
440               12
441               14
442               15
443               13
444               17
445               11
446               15
447               14
448               13
449               17
450               12
451               15
452               12
453               13
454               14
455               12
456               15
457               10
458               14
459               11
460               13
461               14
462               12
463               16
464               11
465               15
466               13
467               13
468               17
469               12
470               16
471               12
472               13
473               16
474               12
475               16
476               12
477               14
478               15
479               12
480               16
481               11
482               14
483               12
484               12
485               14
486               11
487               16
488               11
489               14
490               13
491               13
492               16
493               12
494               16
495               12
496               14
497               16
498               12
499               16
