    0                  1  
    1                  2  
    2                  4  
    3                  3  
    4                  5  
    5                  4  
    6                  4  
    7                  5  
    8                  3  
    9                  6  
    10                 4  
    11                 6  
    12                 4  
    13                 5  
    14                 5  
    15                 3  
    16                 6  
    17                 4  
    18                 6  
    19                 4  
    20                 5  
    21                 5  
    22                 4  
    23                 6  
    24                 4  
    25                 6  
    26                 4  
    27                 5  
    28                 5  
    29                 3  
    30                 5  
    31                 3  
    32                 4  
    33                 3  
    34                 2  
    35                 3  
    36                 2  
    37                 2  
    38                 3  
    39                 2  
    40                 4  
    41                 3  
    42                 3  
    43                 4  
    44                 3  
    45                 6  
    46                 4  
    47                 5  
    48                 5  
    49                 4  
    50                 0  
    51                 4  
    52                 6  
    53                 4  
    54                 5  
    55                 5  
    56                 4  
    57                 5  
    58                 4  
    59                 6  
    60                 4  
    61                 6  
    62                 5  
    63                 4  
    64                 5  
    65                 3  
    66                 6  
    67                 4  
    68                 4  
    69                 4  
    70                 2  
    71                 4  
    72                 3  
    73                 3  
    74                 3  
    75                 2  
    76                 3  
    77                 2  
    78                 2  
    79                 4  
    80                 3  
    81                 5  
    82                 4  
    83                 5  
    84                 5  
    85                 4  
    86                 6  
    87                 4  
    88                 7  
    89                 4  
    90                 6  
    91                 5  
    92                 4  
    93                 6  
    94                 4  
    95                 6  
    96                 4  
    97                 6  
    98                 5  
    99                 5  
    100                5  
    101                4  
    102                6  
    103                4  
    104                6  
    105                4  
    106                5  
    107                4  
    108                3  
    109                4  
    110                3  
    111                3  
    112                3  
    113                2  
    114                0  
    115                3  
    116                3  
    117                4  
    118                3  
    119                5  
    120                4  
    121                6  
    122                5  
    123                5  
    124                5  
    125                4  
    126                6  
    127                4  
    128                7  
    129                4  
    130                6  
    131                5  
    132                5  
    133                6  
    134                4  
    135                6  
    136                4  
    137                7  
    138                5  
    139                6  
    140                5  
    141                4  
    142                5  
    143                4  
    144                5  
    145                3  
    146                0  
    147                4  
    148                2  
    149                4  
    150                3  
    151                2  
    152                3  
    153                2  
    154                5  
    155                3  
    156                4  
    157                5  
    158                3  
    159                6  
    160                4  
    161                7  
    162                4  
    163                6  
    164                5  
    165                5  
    166                6  
    167                4  
    168                6  
    169                4  
    170                7  
    171                5  
    172                6  
    173                5  
    174                5  
    175                6  
    176                4  
    177                6  
    178                4  
    179                6  
    180                5  
    181                4  
    182                4  
    183                3  
    184                4  
    185                3  
    186                3  
    187                3  
    188                2  
    189                4  
    190                3  
    191                3  
    192                4  
    193                3  
    194                6  
    195                4  
    196                6  
    197                5  
    198                5  
    199                5  
    200                4  
    201                6  
    202                4  
    203                7  
    204                5  
    205                6  
    206                5  
    207                5  
    208                6  
    209                4  
    210                6  
    211                4  
    212                7  
    213                5  
    214                6  
    215                5  
    216                5  
    217                6  
    218                4  
    219                5  
    220                3  
    221                5  
    222                4  
    223                3  
    224                4  
    225                3  
    226                4  
    227                3  
    228                2  
    229                5  
    230                3  
    231                6  
    232                4  
    233                6  
    234                5  
    235                5  
    236                6  
    237                4  
    238                7  
    239                5  
    240                7  
    241                5  
    242                6  
    243                5  
    244                5  
    245                6  
    246                4  
    247                6  
    248                4  
    249                7  
    250                5  
    251                7  
    252                5  
    253                6  
    254                6  
    255                4  
    256                5  
    257                3  
    258                5  
    259                4  
    260                3  
    261                4  
    262                3  
    263                4  
    264                3  
    265                3  
    266                5  
    267                3  
    268                6  
    269                4  
    270                7  
    271                5  
    272                7  
    273                6  
    274                5  
    275                6  
    276                5  
    277                7  
    278                5  
    279                7  
    280                5  
    281                7  
    282                5  
    283                6  
    284                6  
    285                5  
    286                7  
    287                5  
    288                7  
    289                4  
    290                7  
    291                5  
    292                6  
    293                5  
    294                4  
    295                5  
    296                3  
    297                5  
    298                3  
    299                3  
    300                4  
    301                3  
    302                6  
    303                4  
    304                6  
    305                5  
    306                5  
    307                6  
    308                5  
    309                7  
    310                4  
    311                7  
    312                5  
    313                8  
    314                5  
    315                7  
    316                6  
    317                6  
    318                6  
    319                5  
    320                7  
    321                4  
    322                7  
    323                5  
    324                8  
    325                5  
    326                7  
    327                6  
    328                5  
    329                5  
    330                4  
    331                5  
    332                4  
    333                5  
    334                4  
    335                3  
    336                4  
    337                3  
    338                5  
    339                4  
    340                5  
    341                5  
    342                4  
    343                7  
    344                5  
    345                7  
    346                5  
    347                8  
    348                5  
    349                7  
    350                6  
    351                6  
    352                6  
    353                5  
    354                7  
    355                5  
    356                7  
    357                5  
    358                8  
    359                5  
    360                7  
    361                5  
    362                6  
    363                6  
    364                4  
    365                5  
    366                4  
    367                5  
    368                4  
    369                4  
    370                4  
    371                3  
    372                5  
    373                3  
    374                4  
    375                4  
    376                3  
    377                6  
    378                4  
    379                7  
    380                5  
    381                7  
    382                5  
    383                6  
    384                6  
    385                5  
    386                6  
    387                4  
    388                7  
    389                5  
    390                8  
    391                5  
    392                7  
    393                5  
    394                7  
    395                6  
    396                5  
    397                6  
    398                4  
    399                7  
    400                5  
    401                6  
    402                4  
    403                5  
    404                4  
    405                3  
    406                5  
    407                3  
    408                4  
    409                4  
    410                3  
    411                5  
    412                3  
    413                6  
    414                4  
    415                7  
    416                5  
    417                7  
    418                6  
    419                5  
    420                7  
    421                5  
    422                7  
    423                5  
    424                8  
    425                5  
    426                8  
    427                5  
    428                7  
    429                6  
    430                6  
    431                6  
    432                5  
    433                7  
    434                5  
    435                7  
    436                5  
    437                7  
    438                5  
    439                4  
    440                5  
    441                3  
    442                5  
    443                3  
    444                4  
    445                4  
    446                3  
    447                5  
    448                4  
    449                7  
    450                4  
    451                7  
    452                5  
    453                7  
    454                6  
    455                5  
    456                7  
    457                5  
    458                7  
    459                5  
    460                8  
    461                5  
    462                8  
    463                5  
    464                7  
    465                6  
    466                6  
    467                6  
    468                5  
    469                7  
    470                5  
    471                7  
    472                5  
    473                7  
    474                4  
    475                5  
    476                5  
    477                3  
    478                5  
    479                3  
    480                5  
    481                4  
    482                4  
    483                5  
    484                4  
    485                6  
    486                4  
    487                8  
    488                5  
    489                8  
    490                6  
    491                6  
    492                6  
    493                6  
    494                7  
    495                5  
    496                7  
    497                5  
    498                8  
    499                5  
