    0                 12  
    1                 11  
    2                 12  
    3                 11  
    4                 15  
    5                 11  
    6                 15  
    7                 11  
    8                 14  
    9                 14  
    10                12  
    11                16  
    12                11  
    13                14  
    14                11  
    15                13  
    16                13  
    17                12  
    18                15  
    19                11  
    20                15  
    21                10  
    22                13  
    23                11  
    24                11  
    25                12  
    26                10  
    27                13  
    28                10  
    29                14  
    30                10  
    31                14  
    32                12  
    33                13  
    34                17  
    35                12  
    36                16  
    37                12  
    38                14  
    39                16  
    40                12  
    41                16  
    42                11  
    43                14  
    44                13  
    45                13  
    46                16  
    47                11  
    48                15  
    49                11  
    50                13  
    51                12  
    52                11  
    53                13  
    54                10  
    55                14  
    56                 9  
    57                14  
    58                10  
    59                13  
    60                14  
    61                12  
    62                17  
    63                11  
    64                15  
    65                14  
    66                13  
    67                17  
    68                12  
    69                15  
    70                12  
    71                13  
    72                15  
    73                12  
    74                16  
    75                11  
    76                14  
    77                12  
    78                12  
    79                13  
    80                11  
    81                14  
    82                10  
    83                13  
    84                 9  
    85                13  
    86                10  
    87                13  
    88                14  
    89                12  
    90                17  
    91                11  
    92                15  
    93                15  
    94                13  
    95                18  
    96                13  
    97                16  
    98                17  
    99                13  
    100               18  
    101               14  
    102               15  
    103               18  
    104               13  
    105               17  
    106               14  
    107               14  
    108               18  
    109               12  
    110               16  
    111               14  
    112               14  
    113               19  
    114               13  
    115               17  
    116               19  
    117               14  
    118               19  
    119               17  
    120               16  
    121               20  
    122               16  
    123               17  
    124               20  
    125               14  
    126               17  
    127               18  
    128               14  
    129               18  
    130               13  
    131               14  
    132               16  
    133               12  
    134               16  
    135               11  
    136               14  
    137               13  
    138               13  
    139               17  
    140               12  
    141               16  
    142               15  
    143               14  
    144               18  
    145               13  
    146               16  
    147               16  
    148               13  
    149               18  
    150               12  
    151               15  
    152               14  
    153               13  
    154               17  
    155               11  
    156               15  
    157               12  
    158               13  
    159               14  
    160               11  
    161               15  
    162               10  
    163               14  
    164                9  
    165               13  
    166               12  
    167               12  
    168               16  
    169               12  
    170               16  
    171               12  
    172               14  
    173               17  
    174               13  
    175               17  
    176               13  
    177               14  
    178               16  
    179               12  
    180               16  
    181               12  
    182               14  
    183               15  
    184               13  
    185               16  
    186               11  
    187               14  
    188               10  
    189               12  
    190               11  
    191               11  
    192               14  
    193               11  
    194               15  
    195               10  
    196               14  
    197               14  
    198               13  
    199               17  
    200               12  
    201               16  
    202               13  
    203               14  
    204               17  
    205               12  
    206               16  
    207               12  
    208               14  
    209               14  
    210               12  
    211               16  
    212               11  
    213               14  
    214               10  
    215               12  
    216               11  
    217               11  
    218               12  
    219               10  
    220               14  
    221               10  
    222               14  
    223               11  
    224               14  
    225               15  
    226               12  
    227               17  
    228               11  
    229               15  
    230               13  
    231               13  
    232               17  
    233               11  
    234               15  
    235               11  
    236               13  
    237               14  
    238               12  
    239               16  
    240               11  
    241               14  
    242               10  
    243               12  
    244               11  
    245               11  
    246               12  
    247               10  
    248               14  
    249               10  
    250               14  
    251               11  
    252               14  
    253               15  
    254               12  
    255               17  
    256               12  
    257               15  
    258               14  
    259               13  
    260               17  
    261               11  
    262               15  
    263               11  
    264               13  
    265               14  
    266               12  
    267               16  
    268               11  
    269               14  
    270               10  
    271               12  
    272               10  
    273               11  
    274               11  
    275               10  
    276               14  
    277               10  
    278               15  
    279               10  
    280               14  
    281               13  
    282               13  
    283               16  
    284               11  
    285               15  
    286               12  
    287               13  
    288               15  
    289               12  
    290               16  
    291               11  
    292               14  
    293               11  
    294               12  
    295               13  
    296               11  
    297               14  
    298               10  
    299               13  
    300                9  
    301               12  
    302                8  
    303               11  
    304                8  
    305               12  
    306               11  
    307               11  
    308               14  
    309               11  
    310               15  
    311               11  
    312               14  
    313               13  
    314               13  
    315               16  
    316               11  
    317               15  
    318               12  
    319               14  
    320               15  
    321               12  
    322               16  
    323               11  
    324               14  
    325               13  
    326               12  
    327               14  
    328               11  
    329               15  
    330               10  
    331               13  
    332               10  
    333               13  
    334               13  
    335               12  
    336               17  
    337               12  
    338               15  
    339               14  
    340               13  
    341               17  
    342               12  
    343               15  
    344               13  
    345               13  
    346               16  
    347               12  
    348               16  
    349               11  
    350               14  
    351               14  
    352               12  
    353               15  
    354               10  
    355               14  
    356               10  
    357               13  
    358               10  
    359               11  
    360               13  
    361               11  
    362               16  
    363               11  
    364               15  
    365               13  
    366               13  
    367               17  
    368               12  
    369               16  
    370               13  
    371               14  
    372               16  
    373               12  
    374               16  
    375               11  
    376               14  
    377               13  
    378               12  
    379               16  
    380               11  
    381               14  
    382               10  
    383               13  
    384               10  
    385               11  
    386               11  
    387               10  
    388               14  
    389               10  
    390               15  
    391               10  
    392               14  
    393               14  
    394               13  
    395               17  
    396               12  
    397               15  
    398               13  
    399               13  
    400               16  
    401               12  
    402               15  
    403               11  
    404               14  
    405               13  
    406               12  
    407               15  
    408               11  
    409               14  
    410                9  
    411               13  
    412                9  
    413               12  
    414               10  
    415               11  
    416               12  
    417               11  
    418               15  
    419               10  
    420               15  
    421               12  
    422               13  
    423               16  
    424               12  
    425               17  
    426               13  
    427               15  
    428               17  
    429               13  
    430               17  
    431               14  
    432               15  
    433               19  
    434               13  
    435               16  
    436               16  
    437               14  
    438               18  
    439               12  
    440               15  
    441               14  
    442               13  
    443               17  
    444               12  
    445               16  
    446               16  
    447               14  
    448               18  
    449               14  
    450               16  
    451               19  
    452               13  
    453               17  
    454               15  
    455               14  
    456               18  
    457               12  
    458               16  
    459               15  
    460               14  
    461               18  
    462               13  
    463               16  
    464               15  
    465               13  
    466               17  
    467               11  
    468               15  
    469               13  
    470               14  
    471               18  
    472               12  
    473               17  
    474               16  
    475               15  
    476               19  
    477               15  
    478               16  
    479               20  
    480               14  
    481               18  
    482               19  
    483               15  
    484               19  
    485               18  
    486               15  
    487               19  
    488               16  
    489               16  
    490               19  
    491               13  
    492               16  
    493               15  
    494               14  
    495               18  
    496               13  
    497               16  
    498               18  
    499               14  