    0                  1  
    1                  2  
    2                  2  
    3                  2  
    4                  4  
    5                  3  
    6                  5  
    7                  4  
    8                  4  
    9                  6  
    10                 4  
    11                 7  
    12                 5  
    13                 8  
    14                 5  
    15                 9  
    16                 6  
    17                10  
    18                 7  
    19                10  
    20                 7  
    21                11  
    22                 7  
    23                11  
    24                 7  
    25                10  
    26                 7  
    27                11  
    28                 7  
    29                11  
    30                 7  
    31                12  
    32                 8  
    33                12  
    34                 8  
    35                12  
    36                 9  
    37                12  
    38                11  
    39                12  
    40                14  
    41                11  
    42                15  
    43                10  
    44                14  
    45                11  
    46                12  
    47                14  
    48                11  
    49                16  
    50                11  
    51                14  
    52                12  
    53                12  
    54                14  
    55                11  
    56                15  
    57                 0  
    58                13  
    59                10  
    60                13  
    61                13  
    62                12  
    63                16  
    64                11  
    65                15  
    66                13  
    67                13  
    68                17  
    69                12  
    70                16  
    71                13  
    72                14  
    73                16  
    74                12  
    75                16  
    76                12  
    77                14  
    78                16  
    79                12  
    80                16  
    81                11  
    82                14  
    83                13  
    84                12  
    85                15  
    86                11  
    87                15  
    88                11  
    89                14  
    90                15  
    91                13  
    92                17  
    93                12  
    94                15  
    95                16  
    96                13  
    97                17  
    98                13  
    99                15  
    100               16  
    101               13  
    102               17  
    103               12  
    104               15  
    105               17  
    106               13  
    107               16  
    108               12  
    109               14  
    110               14  
    111               12  
    112               16  
    113               11  
    114               15  
    115               13  
    116               13  
    117               17  
    118               12  
    119               16  
    120               14  
    121                0  
    122               18  
    123               13  
    124               16  
    125               14  
    126               14  
    127               18  
    128               12  
    129               16  
    130               14  
    131               14  
    132               18  
    133               12  
    134               15  
    135               13  
    136               13  
    137               16  
    138               11  
    139               15  
    140               12  
    141               14  
    142               16  
    143               12  
    144               17  
    145               13  
    146               15  
    147               18  
    148               13  
    149               17  
    150               14  
    151               14  
    152               18  
    153               13  
    154               16  
    155               15  
    156               14  
    157               18  
    158               13  
    159               16  
    160               17  
    161               13  
    162               17  
    163               12  
    164               15  
    165               15  
    166               13  
    167               17  
    168               12  
    169               15  
    170               17  
    171               13  
    172               18  
    173               14  
    174               15  
    175               19  
    176               14  
    177               17  
    178               18  
    179               15  
    180               19  
    181               15  
    182               16  
    183               20  
    184               14  
    185               17  
    186               19  
    187               14  
    188               17  
    189               15  
    190               15  
    191               18  
    192               13  
    193               16  
    194               17  
    195               14  
    196               19  
    197               14  
    198               16  
    199               19  
    200               14  
    201               17  
    202               17  
    203               14  
    204               19  
    205               14  
    206               16  
    207               19  
    208               13  
    209               17  
    210               16  
    211               14  
    212               18  
    213               13  
    214               15  
    215               15  
    216               13  
    217               17  
    218               12  
    219               15  
    220               15  
    221               13  
    222               18  
    223               13  
    224               16  
    225               17  
    226               14  
    227               18  
    228               15  
    229               15  
    230               20  
    231               14  
    232               17  
    233               18  
    234               14  
    235               18  
    236               15  
    237               15  
    238               18  
    239               13  
    240               16  
    241               14  
    242               14  
    243               17  
    244               12  
    245               16  
    246               14  
    247               14  
    248               19  
    249               13  
    250               16  
    251               17  
    252               14  
    253               18  
    254               14  
    255               15  
    256               19  
    257               13  
    258               17  
    259               15  
    260               14  
    261               18  
    262               13  
    263               16  
    264               16  
    265               13  
    266               17  
    267               12  
    268               15  
    269               14  
    270               13  
    271               17  
    272               12  
    273               15  
    274               16  
    275               14  
    276               18  
    277               13  
    278               16  
    279               18  
    280               13  
    281               17  
    282               15  
    283               15  
    284               19  
    285               13  
    286               16  
    287               17  
    288               14  
    289               18  
    290               13  
    291               15  
    292               16  
    293               13  
    294               17  
    295               12  
    296               14  
    297               15  
    298               13  
    299               17  
    300               13  
    301               15  
    302               18  
    303               13  
    304               18  
    305               15  
    306               15  
    307               19  
    308               13  
    309               17  
    310               17  
    311               14  
    312               18  
    313               13  
    314               15  
    315               18  
    316               13  
    317               17  
    318               13  
    319               14  
    320               17  
    321               12  
    322               16  
    323               12  
    324               14  
    325               17  
    326               13  
    327               17  
    328               14  
    329               15  
    330               19  
    331               13  
    332               17  
    333               16  
    334               14  
    335               19  
    336               14  
    337               16  
    338               18  
    339               13  
    340               17  
    341               15  
    342               15  
    343               18  
    344               13  
    345               16  
    346               15  
    347               13  
    348               17  
    349               12  
    350               16  
    351               16  
    352               14  
    353               19  
    354               14  
    355               16  
    356               20  
    357               14  
    358               18  
    359               18  
    360               15  
    361               19  
    362               15  
    363               16  
    364               20  
    365               14  
    366               17  
    367               18  
    368               14  
    369               18  
    370               14  
    371               15  
    372               18  
    373               13  
    374               16  
    375               14  
    376               15  
    377               19  
    378               13  
    379               17  
    380               18  
    381               15  
    382               19  
    383               16  
    384               16  
    385               20  
    386               14  
    387               17  
    388               19  
    389               14  
    390               18  
    391               17  
    392               15  
    393               19  
    394               14  
    395               16  
    396               18  
    397               13  
    398               17  
    399               13  
    400               14  
    401               18  
    402               13  
    403               17  
    404               16  
    405               15  
    406               19  
    407               15  
    408               16  
    409               20  
    410               14  
    411               17  
    412               19  
    413               15  
    414               18  
    415               16  
    416               15  
    417               19  
    418               14  
    419               16  
    420               19  
    421               13  
    422               17  
    423               15  
    424               14  
    425               18  
    426               12  
    427               16  
    428               16  
    429               14  
    430               19  
    431               16  
    432               16  
    433               21  
    434               15  
    435               17  
    436               20  
    437               15  
    438               18  
    439               19  
    440               15  
    441               19  
    442               16  
    443               16  
    444               20  
    445               14  
    446               16  
    447               18  
    448               13  
    449               17  
    450               14  
    451               15  
    452               18  
    453               13  
    454               17  
    455               17  
    456               15  
    457               19  
    458               16  
    459               16  
    460               20  
    461               15  
    462               17  
    463               20  
    464               14  
    465               17  
    466               18  
    467               15  
    468               18  
    469               16  
    470               15  
    471               19  
    472               13  
    473               16  
    474               16  
    475               14  
    476               17  
    477               13  
    478               15  
    479               18  
    480               14  
    481               18  
    482               16  
    483               15  
    484               20  
    485               15  
    486               17  
    487               20  
    488               14  
    489               17  
    490               18  
    491               15  
    492               19  
    493               15  
    494               16  
    495               20  
    496               14  
    497               16  
    498               17  
    499               14  
