    0                 15  
    1                 21  
    2                 25  
    3                 23  
    4                 19  
    5                 23  
    6                 26  
    7                 20  
    8                 21  
    9                 25  
    10                24  
    11                20  
    12                23  
    13                26  
    14                21  
    15                20  
    16                24  
    17                25  
    18                19  
    19                22  
    20                26  
    21                21  
    22                20  
    23                24  
    24                24  
    25                19  
    26                22  
    27                26  
    28                23  
    29                21  
    30                24  
    31                28  
    32                23  
    33                22  
    34                25  
    35                29  
    36                24  
    37                22  
    38                26  
    39                29  
    40                25  
    41                22  
    42                25  
    43                29  
    44                27  
    45                23  
    46                24  
    47                28  
    48                29  
    49                24  
    50                24  
    51                27  
    52                30  
    53                28  
    54                23  
    55                25  
    56                29  
    57                31  
    58                26  
    59                24  
    60                26  
    61                29  
    62                30  
    63                24  
    64                24  
    65                26  
    66                29  
    67                23  
    68                22  
    69                26  
    70                28  
    71                23  
    72                22  
    73                26  
    74                28  
    75                22  
    76                22  
    77                26  
    78                27  
    79                21  
    80                22  
    81                26  
    82                26  
    83                20  
    84                22  
    85                26  
    86                22  
    87                20  
    88                23  
    89                24  
    90                19  
    91                21  
    92                26  
    93                21  
    94                20  
    95                24  
    96                25  
    97                19  
    98                22  
    99                26  
    100               21  
    101               20  
    102               24  
    103               25  
    104               19  
    105               22  
    106               25  
    107               20  
    108               20  
    109               23  
    110               22  
    111               18  
    112               22  
    113               24  
    114               18  
    115               21  
    116               25  
    117               20  
    118               20  
    119               24  
    120               23  
    121               19  
    122               22  
    123               25  
    124               19  
    125               20  
    126               24  
    127               23  
    128               19  
    129               22  
    130               25  
    131               18  
    132               21  
    133               24  
    134               19  
    135               19  
    136               23  
    137               21  
    138               19  
    139               22  
    140               24  
    141               18  
    142               21  
    143               25  
    144               20  
    145               20  
    146               24  
    147               23  
    148               19  
    149               22  
    150               26  
    151               20  
    152               20  
    153               24  
    154               21  
    155               19  
    156               22  
    157               23  
    158               18  
    159               21  
    160               25  
    161               19  
    162               20  
    163               24  
    164               22  
    165               19  
    166               23  
    167               25  
    168               19  
    169               21  
    170               25  
    171               21  
    172               20  
    173               23  
    174               25  
    175               19  
    176               21  
    177               25  
    178               19  
    179               19  
    180               24  
    181               21  
    182               19  
    183               22  
    184               25  
    185               19  
    186               21  
    187               25  
    188               21  
    189               20  
    190               23  
    191               24  
    192               19  
    193               22  
    194               26  
    195               20  
    196               20  
    197               24  
    198               23  
    199               18  
    200               22  
    201               24  
    202               18  
    203               20  
    204               25  
    205               20  
    206               20  
    207               23  
    208               23  
    209               19  
    210               22  
    211               26  
    212               20  
    213               21  
    214               24  
    215               23  
    216               19  
    217               22  
    218               26  
    219               20  
    220               20  
    221               24  
    222               23  
    223               19  
    224               22  
    225               24  
    226               18  
    227               21  
    228               25  
    229               21  
    230               20  
    231               23  
    232               24  
    233               19  
    234               22  
    235               26  
    236               20  
    237               20  
    238               24  
    239               24  
    240               19  
    241               22  
    242               26  
    243               21  
    244               20  
    245               24  
    246               24  
    247               19  
    248               22  
    249               26  
    250               20  
    251               20  
    252               24  
    253               24  
    254               19  
    255               22  
    256               26  
    257               21  
    258               21  
    259               24  
    260               24  
    261               19  
    262               22  
    263               26  
    264               22  
    265               20  
    266               24  
    267               26  
    268               20  
    269               21  
    270               25  
    271               23  
    272               20  
    273               23  
    274               27  
    275               20  
    276               21  
    277               25  
    278               25  
    279               20  
    280               23  
    281               26  
    282               23  
    283               20  
    284               24  
    285               27  
    286               21  
    287               21  
    288               25  
    289               25  
    290               19  
    291               22  
    292               26  
    293               21  
    294               20  
    295               24  
    296               25  
    297               20  
    298               22  
    299               26  
    300               23  
    301               20  
    302               24  
    303               27  
    304               21  
    305               21  
    306               25  
    307               25  
    308               20  
    309               22  
    310               26  
    311               21  
    312               20  
    313               23  
    314               24  
    315               19  
    316               22  
    317               26  
    318               21  
    319               20  
    320               24  
    321               25  
    322               20  
    323               22  
    324               26  
    325               23  
    326               20  
    327               23  
    328               27  
    329               21  
    330               21  
    331               24  
    332               24  
    333               19  
    334               22  
    335               25  
    336               20  
    337               20  
    338               24  
    339               24  
    340               19  
    341               22  
    342               26  
    343               22  
    344               21  
    345               24  
    346               26  
    347               20  
    348               22  
    349               26  
    350               23  
    351               20  
    352               23  
    353               26  
    354               20  
    355               21  
    356               24  
    357               22  
    358               19  
    359               23  
    360               25  
    361               19  
    362               21  
    363               25  
    364               23  
    365               20  
    366               23  
    367               26  
    368               20  
    369               21  
    370               25  
    371               24  
    372               19  
    373               22  
    374               26  
    375               20  
    376               20  
    377               24  
    378               21  
    379               19  
    380               22  
    381               23  
    382               18  
    383               21  
    384               25  
    385               19  
    386               20  
    387               24  
    388               22  
    389               19  
    390               23  
    391               25  
    392               19  
    393               21  
    394               25  
    395               21  
    396               19  
    397               23  
    398               23  
    399               18  
    400               21  
    401               24  
    402               18  
    403               20  
    404               24  
    405               19  
    406               19  
    407               24  
    408               22  
    409               19  
    410               23  
    411               25  
    412               19  
    413               21  
    414               25  
    415               21  
    416               20  
    417               23  
    418               24  
    419               19  
    420               21  
    421               25  
    422               19  
    423               20  
    424               23  
    425               19  
    426               18  
    427               23  
    428               21  
    429               18  
    430               22  
    431               24  
    432               18  
    433               21  
    434               25  
    435               19  
    436               20  
    437               24  
    438               22  
    439               19  
    440               22  
    441               24  
    442               18  
    443               21  
    444               24  
    445               19  
    446               19  
    447               23  
    448               19  
    449               18  
    450               22  
    451               21  
    452               18  
    453               22  
    454               23  
    455               18  
    456               21  
    457               25  
    458               19  
    459               20  
    460               24  
    461               21  
    462               19  
    463               23  
    464               24  
    465               18  
    466               21  
    467               25  
    468               18  
    469               20  
    470               23  
    471               19  
    472               18  
    473               23  
    474               22  
    475               18  
    476               22  
    477               25  
    478               19  
    479               21  
    480               25  
    481               22  
    482               20  
    483               23  
    484               25  
    485               19  
    486               21  
    487               25  
    488               23  
    489               20  
    490               23  
    491               25  
    492               19  
    493               21  
    494               25  
    495               21  
    496               19  
    497               23  
    498               25  
    499               19  
