    0                 25  
    1                 27  
    2                 30  
    3                 33  
    4                 29  
    5                 26  
    6                 27  
    7                 29  
    8                  0  
    9                 30  
    10                25  
    11                26  
    12                28  
    13                31  
    14                30  
    15                25  
    16                25  
    17                28  
    18                32  
    19                30  
    20                26  
    21                26  
    22                29  
    23                32  
    24                32  
    25                28  
    26                26  
    27                28  
    28                30  
    29                33  
    30                29  
    31                25  
    32                27  
    33                29  
    34                32  
    35                28  
    36                24  
    37                26  
    38                29  
    39                33  
    40                 0  
    41                26  
    42                26  
    43                29  
    44                32  
    45                32  
    46                27  
    47                26  
    48                28  
    49                31  
    50                33  
    51                28  
    52                25  
    53                27  
    54                29  
    55                32  
    56                27  
    57                25  
    58                27  
    59                30  
    60                33  
    61                30  
    62                26  
    63                27  
    64                29  
    65                32  
    66                32  
    67                27  
    68                26  
    69                28  
    70                31  
    71                32  
    72                28  
    73                25  
    74                27  
    75                29  
    76                32  
    77                28  
    78                25  
    79                27  
    80                30  
    81                33  
    82                31  
    83                27  
    84                26  
    85                29  
    86                32  
    87                33  
    88                29  
    89                26  
    90                27  
    91                30  
    92                33  
    93                29  
    94                25  
    95                26  
    96                29  
    97                32  
    98                31  
    99                27  
    100               26  
    101               29  
    102               32  
    103               34  
    104               30  
    105               26  
    106               27  
    107               30  
    108               33  
    109               32  
    110               27  
    111               26  
    112               28  
    113               31  
    114               32  
    115               27  
    116               25  
    117               28  
    118               31  
    119               33  
    120               30  
    121               26  
    122               27  
    123               30  
    124               33  
    125               33  
    126               28  
    127               26  
    128               28  
    129               31  
    130               33  
    131               29  
    132               25  
    133               26  
    134               29  
    135               32  
    136               30  
    137               26  
    138               26  
    139               29  
    140               32  
    141               33  
    142               28  
    143               26  
    144               28  
    145               30  
    146               33  
    147               31  
    148               26  
    149               26  
    150               29  
    151               31  
    152               31  
    153               26  
    154               25  
    155               28  
    156               31  
    157               32  
    158               28  
    159               26  
    160               28  
    161               31  
    162               33  
    163               31  
    164               26  
    165               26  
    166               29  
    167               32  
    168               32  
    169               27  
    170               25  
    171               28  
    172               30  
    173               31  
    174               26  
    175               25  
    176               28  
    177               31  
    178               33  
    179               28  
    180               26  
    181               28  
    182               30  
    183               33  
    184               31  
    185               26  
    186               26  
    187               29  
    188               32  
    189               32  
    190               27  
    191               25  
    192               27  
    193               30  
    194               31  
    195               26  
    196               25  
    197               28  
    198               31  
    199               33  
    200               29  
    201               26  
    202               27  
    203               30  
    204               33  
    205               31  
    206               26  
    207               26  
    208               28  
    209               31  
    210               32  
    211               27  
    212               25  
    213               27  
    214               31  
    215               32  
    216               27  
    217               25  
    218               28  
    219               31  
    220               34  
    221               30  
    222               26  
    223               27  
    224               29  
    225               32  
    226               32  
    227               27  
    228               26  
    229               28  
    230               30  
    231               32  
    232               27  
    233               25  
    234               27  
    235               30  
    236               32  
    237               29  
    238               26  
    239               27  
    240               30  
    241               33  
    242               31  
    243               27  
    244               26  
    245               29  
    246               32  
    247               33  
    248               28  
    249               25  
    250               27  
    251               30  
    252               32  
    253               27  
    254               25  
    255               27  
    256               30  
    257               33  
    258               29  
    259               26  
    260               27  
    261               30  
    262               33  
    263               32  
    264               27  
    265               26  
    266               28  
    267               31  
    268               32  
    269               28  
    270               25  
    271               27  
    272               30  
    273               32  
    274               27  
    275               25  
    276               27  
    277               30  
    278               33  
    279               30  
    280               26  
    281               27  
    282               29  
    283               32  
    284               32  
    285               27  
    286               26  
    287               28  
    288               31  
    289               32  
    290               27  
    291               25  
    292               27  
    293               30  
    294               32  
    295               28  
    296               25  
    297               27  
    298               30  
    299               33  
    300               31  
    301               27  
    302               26  
    303               29  
    304               32  
    305               33  
    306               28  
    307               26  
    308               27  
    309               30  
    310               32  
    311               28  
    312               25  
    313               27  
    314               30  
    315               33  
    316               30  
    317               26  
    318               27  
    319               29  
    320               32  
    321               33  
    322               28  
    323               26  
    324               28  
    325               31  
    326               33  
    327               29  
    328               25  
    329               26  
    330               29  
    331               32  
    332               28  
    333               25  
    334               26  
    335               29  
    336               33  
    337               31  
    338               27  
    339               26  
    340               29  
    341               32  
    342               33  
    343               28  
    344               26  
    345               27  
    346               30  
    347               33  
    348               29  
    349               25  
    350               26  
    351               29  
    352               32  
    353               29  
    354               25  
    355               26  
    356               29  
    357               33  
    358               32  
    359               27  
    360               26  
    361               28  
    362               31  
    363               33  
    364               29  
    365               25  
    366               27  
    367               30  
    368               32  
    369               29  
    370               25  
    371               26  
    372               29  
    373               32  
    374               29  
    375               25  
    376               27  
    377               29  
    378               32  
    379               32  
    380               27  
    381               26  
    382               28  
    383               31  
    384               33  
    385               28  
    386               25  
    387               27  
    388               29  
    389               32  
    390               27  
    391               24  
    392               26  
    393               30  
    394               33  
    395               29  
    396               25  
    397               27  
    398               30  
    399               33  
    400               32  
    401               27  
    402               26  
    403               28  
    404               31  
    405               33  
    406               28  
    407               25  
    408               27  
    409               30  
    410               31  
    411               26  
    412               25  
    413               27  
    414               30  
    415               33  
    416               28  
    417               26  
    418               27  
    419               30  
    420               33  
    421               31  
    422               26  
    423               26  
    424               29  
    425               32  
    426               31  
    427               26  
    428               25  
    429               28  
    430               31  
    431               30  
    432               26  
    433               25  
    434               28  
    435               31  
    436               32  
    437               28  
    438               26  
    439               28  
    440               31  
    441               33  
    442               29  
    443               25  
    444               27  
    445               29  
    446               32  
    447               30  
    448               25  
    449               26  
    450               28  
    451               32  
    452               29  
    453               25  
    454               26  
    455               29  
    456               32  
    457               31  
    458               26  
    459               26  
    460               29  
    461               31  
    462               32  
    463               27  
    464               25  
    465               28  
    466               30  
    467               32  
    468               27  
    469               24  
    470               27  
    471               30  
    472               32  
    473               27  
    474               25  
    475               28  
    476               30  
    477               33  
    478               29  
    479               26  
    480               27  
    481               29  
    482               32  
    483               31  
    484               26  
    485               26  
    486               28  
    487               31  
    488               31  
    489               25  
    490               25  
    491               28  
    492               31  
    493               31  
    494               26  
    495               26  
    496               28  
    497               31  
    498               33  
    499               29  
