    0                  1  
    1                  2  
    2                  1  
    3                  1  
    4                  3  
    5                  2  
    6                  4  
    7                  3  
    8                  4  
    9                  5  
    10                 4  
    11                 7  
    12                 5  
    13                 9  
    14                 6  
    15                10  
    16                 6  
    17                11  
    18                 8  
    19                12  
    20                 9  
    21                12  
    22                13  
    23                12  
    24                17  
    25                12  
    26                16  
    27                16  
    28                14  
    29                19  
    30                16  
    31                16  
    32                21  
    33                16  
    34                17  
    35                22  
    36                17  
    37                18  
    38                22  
    39                18  
    40                18  
    41                22  
    42                19  
    43                18  
    44                23  
    45                22  
    46                18  
    47                22  
    48                26  
    49                20  
    50                21  
    51                25  
    52                25  
    53                20  
    54                23  
    55                27  
    56                24  
    57                21  
    58                24  
    59                27  
    60                24  
    61                21  
    62                24  
    63                28  
    64                23  
    65                22  
    66                25  
    67                29  
    68                24  
    69                22  
    70                25  
    71                29  
    72                26  
    73                22  
    74                25  
    75                29  
    76                28  
    77                23  
    78                24  
    79                27  
    80                30  
    81                24  
    82                23  
    83                26  
    84                29  
    85                26  
    86                23  
    87                25  
    88                29  
    89                30  
    90                24  
    91                24  
    92                27  
    93                31  
    94                29  
    95                24  
    96                25  
    97                28  
    98                31  
    99                28  
    100               24  
    101               26  
    102               29  
    103               31  
    104               25  
    105               24  
    106               27  
    107               30  
    108               30  
    109               25  
    110               25  
    111               28  
    112               31  
    113               30  
    114               25  
    115               25  
    116               28  
    117               31  
    118               30  
    119               25  
    120               25  
    121               28  
    122               31  
    123               30  
    124               25  
    125               25  
    126               28  
    127               31  
    128               30  
    129               25  
    130               26  
    131               29  
    132               32  
    133               31  
    134               26  
    135               26  
    136               28  
    137               31  
    138               32  
    139               27  
    140               25  
    141               27  
    142               30  
    143               32  
    144               28  
    145               25  
    146               27  
    147               30  
    148               33  
    149               30  
    150               25  
    151               27  
    152               29  
    153               32  
    154               32  
    155               27  
    156               26  
    157               28  
    158               31  
    159               33  
    160               29  
    161               25  
    162               27  
    163               29  
    164               32  
    165               30  
    166               26  
    167               26  
    168               29  
    169               32  
    170               32  
    171               28  
    172               26  
    173               28  
    174               31  
    175               33  
    176               31  
    177               26  
    178               26  
    179               29  
    180               32  
    181               32  
    182               27  
    183               25  
    184               28  
    185               31  
    186               33  
    187               28  
    188               25  
    189               27  
    190               30  
    191               33  
    192               31  
    193               27  
    194               26  
    195               29  
    196               31  
    197               33  
    198               28  
    199               26  
    200               27  
    201               30  
    202               33  
    203               29  
    204               25  
    205               27  
    206               29  
    207               32  
    208               32  
    209               27  
    210               26  
    211               29  
    212               31  
    213               34  
    214               30  
    215               26  
    216               27  
    217               30  
    218               32  
    219               32  
    220               27  
    221               26  
    222               28  
    223               31  
    224               33  
    225               28  
    226               25  
    227               27  
    228               30  
    229               33  
    230               31  
    231               27  
    232               26  
    233               29  
    234               32  
    235               34  
    236               30  
    237               26  
    238               27  
    239               29  
    240               32  
    241               32  
    242               27  
    243               26  
    244               28  
    245               31  
    246               33  
    247               29  
    248               26  
    249               27  
    250               30  
    251               33  
    252               33  
    253               28  
    254               26  
    255               28  
    256               31  
    257               34  
    258               31  
    259               26  
    260               26  
    261               29  
    262               32  
    263               32  
    264               28  
    265               26  
    266               28  
    267               31  
    268               34  
    269               31  
    270               27  
    271               27  
    272               29  
    273               32  
    274               34  
    275               31  
    276               27  
    277               27  
    278               29  
    279               32  
    280               33  
    281               28  
    282               26  
    283               28  
    284               30  
    285               33  
    286               32  
    287               27  
    288               26  
    289               29  
    290               32  
    291               34  
    292               32  
    293               27  
    294               27  
    295               29  
    296               32  
    297               34  
    298               30  
    299               26  
    300               27  
    301               29  
    302               33  
    303               32  
    304               28  
    305               26  
    306               28  
    307               31  
    308               34  
    309               31  
    310               27  
    311               27  
    312               29  
    313               32  
    314               34  
    315               30  
    316               26  
    317               27  
    318               29  
    319               32  
    320               32  
    321               27  
    322               26  
    323               28  
    324               31  
    325               33  
    326               30  
    327               26  
    328               27  
    329               29  
    330               32  
    331               33  
    332               29  
    333               26  
    334               28  
    335               30  
    336               33  
    337               31  
    338               27  
    339               26  
    340               28  
    341               31  
    342               33  
    343               28  
    344               26  
    345               28  
    346               30  
    347               33  
    348               32  
    349               27  
    350               27  
    351               29  
    352               31  
    353               34  
    354               30  
    355               26  
    356               27  
    357               29  
    358               32  
    359               32  
    360               27  
    361               26  
    362               28  
    363               31  
    364               34  
    365               30  
    366               26  
    367               27  
    368               29  
    369               32  
    370               33  
    371               29  
    372               26  
    373               28  
    374               30  
    375               33  
    376               31  
    377               26  
    378               26  
    379               28  
    380               31  
    381               32  
    382               28  
    383               26  
    384               28  
    385               30  
    386               34  
    387               31  
    388               27  
    389               27  
    390               29  
    391               31  
    392               34  
    393               30  
    394               26  
    395               27  
    396               29  
    397               32  
    398               32  
    399               27  
    400               26  
    401               28  
    402               31  
    403               34  
    404               30  
    405               26  
    406               27  
    407               30  
    408               33  
    409               33  
    410               29  
    411               26  
    412               28  
    413               30  
    414               33  
    415               32  
    416               28  
    417               26  
    418               28  
    419               31  
    420               34  
    421               30  
    422               27  
    423               27  
    424               29  
    425               32  
    426               34  
    427               30  
    428               27  
    429               27  
    430               30  
    431               33  
    432               33  
    433               28  
    434               26  
    435               28  
    436               30  
    437               33  
    438               30  
    439               26  
    440               27  
    441               29  
    442               32  
    443               34  
    444               30  
    445               27  
    446               28  
    447               30  
    448               33  
    449               34  
    450               29  
    451               26  
    452               28  
    453               30  
    454               33  
    455               32  
    456               27  
    457               26  
    458               28  
    459               31  
    460               34  
    461               30  
    462               26  
    463               27  
    464               30  
    465               33  
    466               34  
    467               29  
    468               26  
    469               28  
    470               30  
    471               33  
    472               32  
    473               27  
    474               26  
    475               28  
    476               31  
    477               33  
    478               30  
    479               26  
    480               27  
    481               30  
    482               33  
    483               33  
    484               28  
    485               26  
    486               28  
    487               31  
    488               33  
    489               32  
    490               27  
    491               26  
    492               28  
    493               31  
    494               33  
    495               28  
    496               25  
    497               27  
    498               30  
    499               33  
