    0                 24  
    1                 36  
    2                 36  
    3                 37  
    4                 38  
    5                 39  
    6                 39  
    7                 40  
    8                 41  
    9                 42  
    10                42  
    11                42  
    12                41  
    13                39  
    14                38  
    15                37  
    16                36  
    17                35  
    18                35  
    19                35  
    20                35  
    21                36  
    22                36  
    23                37  
    24                38  
    25                39  
    26                40  
    27                41  
    28                42  
    29                43  
    30                42  
    31                42  
    32                41  
    33                40  
    34                38  
    35                37  
    36                36  
    37                35  
    38                35  
    39                34  
    40                35  
    41                35  
    42                36  
    43                37  
    44                38  
    45                39  
    46                40  
    47                41  
    48                42  
    49                43  
    50                43  
    51                42  
    52                41  
    53                40  
    54                38  
    55                37  
    56                35  
    57                34  
    58                34  
    59                34  
    60                35  
    61                36  
    62                37  
    63                38  
    64                39  
    65                39  
    66                40  
    67                41  
    68                42  
    69                43  
    70                42  
    71                42  
    72                40  
    73                39  
    74                37  
    75                35  
    76                34  
    77                34  
    78                34  
    79                35  
    80                36  
    81                36  
    82                37  
    83                38  
    84                39  
    85                40  
    86                41  
    87                42  
    88                42  
    89                43  
    90                42  
    91                41  
    92                39  
    93                38  
    94                36  
    95                35  
    96                35  
    97                34  
    98                35  
    99                35  
    100               36  
    101               37  
    102               37  
    103               38  
    104               39  
    105               40  
    106               40  
    107               41  
    108               42  
    109               42  
    110               42  
    111               41  
    112               40  
    113               38  
    114               37  
    115               36  
    116               35  
    117               35  
    118               35  
    119               35  
    120               35  
    121               36  
    122               37  
    123               37  
    124               38  
    125               39  
    126               40  
    127               41  
    128               42  
    129               43  
    130               43  
    131               43  
    132               42  
    133               41  
    134               40  
    135               39  
    136               38  
    137               37  
    138               36  
    139               35  
    140               35  
    141               35  
    142               35  
    143               36  
    144               36  
    145               37  
    146               38  
    147               39  
    148               40  
    149               41  
    150               41  
    151               42  
    152               43  
    153               43  
    154               43  
    155               43  
    156               42  
    157               41  
    158               40  
    159               39  
    160               37  
    161               37  
    162               36  
    163               35  
    164               35  
    165               35  
    166               36  
    167               36  
    168               37  
    169               37  
    170               38  
    171               38  
    172               39  
    173               39  
    174               40  
    175               41  
    176               41  
    177               42  
    178               43  
    179               43  
    180               43  
    181               43  
    182               43  
    183               42  
    184               41  
    185               40  
    186               39  
    187               38  
    188               37  
    189               36  
    190               36  
    191               35  
    192               35  
    193               35  
    194               36  
    195               36  
    196               37  
    197               37  
    198               38  
    199               39  
    200               39  
    201               40  
    202               41  
    203               41  
    204               42  
    205               42  
    206               43  
    207               43  
    208               43  
    209               43  
    210               42  
    211               42  
    212               41  
    213               40  
    214               39  
    215               38  
    216               37  
    217               37  
    218               36  
    219               36  
    220               36  
    221               35  
    222               36  
    223               36  
    224               36  
    225               37  
    226               37  
    227               38  
    228               39  
    229               40  
    230               40  
    231               41  
    232               42  
    233               42  
    234               43  
    235               44  
    236               44  
    237               43  
    238               43  
    239               42  
    240               40  
    241               39  
    242               38  
    243               36  
    244               36  
    245               35  
    246               35  
    247               35  
    248               35  
    249               36  
    250               36  
    251               37  
    252               38  
    253               38  
    254               39  
    255               39  
    256               40  
    257               41  
    258               42  
    259               42  
    260               43  
    261               43  
    262               43  
    263               42  
    264               41  
    265               40  
    266               39  
    267               38  
    268               37  
    269               36  
    270               35  
    271               35  
    272               35  
    273               35  
    274               36  
    275               36  
    276               37  
    277               38  
    278               38  
    279               39  
    280               40  
    281               41  
    282               42  
    283               43  
    284               43  
    285               43  
    286               43  
    287               42  
    288               41  
    289               40  
    290               39  
    291               37  
    292               36  
    293               35  
    294               35  
    295               35  
    296               35  
    297               36  
    298               36  
    299               37  
    300               38  
    301               38  
    302               39  
    303               40  
    304               40  
    305               41  
    306               41  
    307               42  
    308               43  
    309               43  
    310               42  
    311               42  
    312               41  
    313               40  
    314               38  
    315               37  
    316               36  
    317               36  
    318               36  
    319               35  
    320               35  
    321               35  
    322               36  
    323               36  
    324               37  
    325               37  
    326               38  
    327               39  
    328               40  
    329               41  
    330               42  
    331               42  
    332               43  
    333               43  
    334               43  
    335               43  
    336               42  
    337               41  
    338               40  
    339               39  
    340               37  
    341               36  
    342               35  
    343               35  
    344               35  
    345               35  
    346               36  
    347               36  
    348               37  
    349               38  
    350               38  
    351               39  
    352               40  
    353               40  
    354               41  
    355               42  
    356               43  
    357               43  
    358               43  
    359               42  
    360               40  
    361               39  
    362               38  
    363               37  
    364               36  
    365               35  
    366               35  
    367               35  
    368               35  
    369               36  
    370               36  
    371               37  
    372               37  
    373               38  
    374               39  
    375               40  
    376               40  
    377               41  
    378               42  
    379               43  
    380               43  
    381               44  
    382               44  
    383               44  
    384               44  
    385               43  
    386               42  
    387               42  
    388               41  
    389               40  
    390               39  
    391               38  
    392               37  
    393               36  
    394               36  
    395               36  
    396               36  
    397               36  
    398               36  
    399               37  
    400               37  
    401               37  
    402               37  
    403               37  
    404               38  
    405               38  
    406               38  
    407               39  
    408               39  
    409               39  
    410               40  
    411               40  
    412               41  
    413               41  
    414               42  
    415               43  
    416               43  
    417               44  
    418               44  
    419               44  
    420               44  
    421               44  
    422               43  
    423               43  
    424               42  
    425               41  
    426               40  
    427               39  
    428               38  
    429               37  
    430               36  
    431               36  
    432               36  
    433               36  
    434               36  
    435               36  
    436               36  
    437               37  
    438               37  
    439               37  
    440               38  
    441               38  
    442               38  
    443               39  
    444               39  
    445               40  
    446               41  
    447               41  
    448               42  
    449               42  
    450               43  
    451               43  
    452               43  
    453               44  
    454               44  
    455               44  
    456               44  
    457               43  
    458               42  
    459               41  
    460               40  
    461               39  
    462               39  
    463               38  
    464               37  
    465               36  
    466               36  
    467               36  
    468               36  
    469               36  
    470               36  
    471               36  
    472               37  
    473               37  
    474               37  
    475               38  
    476               39  
    477               39  
    478               40  
    479               41  
    480               42  
    481               42  
    482               43  
    483               44  
    484               44  
    485               44  
    486               43  
    487               43  
    488               42  
    489               41  
    490               39  
    491               38  
    492               37  
    493               36  
    494               35  
    495               35  
    496               35  
    497               35  
    498               36  
    499               36  
