    0                 30  
    1                 41  
    2                 41  
    3                 42  
    4                 43  
    5                 45  
    6                 46  
    7                 48  
    8                 49  
    9                 49  
    10                49  
    11                48  
    12                47  
    13                46  
    14                45  
    15                44  
    16                44  
    17                43  
    18                42  
    19                41  
    20                41  
    21                41  
    22                41  
    23                42  
    24                44  
    25                45  
    26                46  
    27                47  
    28                48  
    29                49  
    30                49  
    31                48  
    32                47  
    33                46  
    34                46  
    35                45  
    36                44  
    37                43  
    38                42  
    39                41  
    40                41  
    41                41  
    42                42  
    43                43  
    44                44  
    45                45  
    46                47  
    47                48  
    48                49  
    49                50  
    50                49  
    51                48  
    52                47  
    53                45  
    54                44  
    55                43  
    56                42  
    57                41  
    58                41  
    59                41  
    60                41  
    61                42  
    62                44  
    63                45  
    64                47  
    65                49  
    66                50  
    67                50  
    68                49  
    69                47  
    70                46  
    71                45  
    72                44  
    73                43  
    74                42  
    75                41  
    76                41  
    77                42  
    78                42  
    79                44  
    80                46  
    81                48  
    82                50  
    83                51  
    84                50  
    85                48  
    86                47  
    87                46  
    88                44  
    89                43  
    90                43  
    91                43  
    92                45  
    93                48  
    94                51  
    95                52  
    96                51  
    97                49  
    98                47  
    99                46  
    100               44  
    101               44  
    102               46  
    103               49  
    104               51  
    105               53  
    106               51  
    107               49  
    108               47  
    109               46  
    110               45  
    111               46  
    112               48  
    113               51  
    114               53  
    115               52  
    116               49  
    117               47  
    118               45  
    119               45  
    120               46  
    121               50  
    122               53  
    123               54  
    124               51  
    125               49  
    126               47  
    127               45  
    128               45  
    129               47  
    130               50  
    131               52  
    132               52  
    133               50  
    134               48  
    135               47  
    136               45  
    137               44  
    138               44  
    139               46  
    140               49  
    141               51  
    142               52  
    143               51  
    144               49  
    145               47  
    146               45  
    147               44  
    148               43  
    149               44  
    150               46  
    151               48  
    152               51  
    153               52  
    154               51  
    155               49  
    156               47  
    157               45  
    158               44  
    159               43  
    160               44  
    161               46  
    162               48  
    163               51  
    164               52  
    165               51  
    166               49  
    167               47  
    168               46  
    169               44  
    170               45  
    171               47  
    172               50  
    173               53  
    174               53  
    175               50  
    176               48  
    177               46  
    178               45  
    179               46  
    180               48  
    181               52  
    182               54  
    183               52  
    184               50  
    185               48  
    186               46  
    187               47  
    188               50  
    189               54  
    190               54  
    191               51  
    192               49  
    193               47  
    194               46  
    195               49  
    196               53  
    197               55  
    198               53  
    199               50  
    200               47  
    201               46  
    202               47  
    203               51  
    204               53  
    205               53  
    206               51  
    207               49  
    208               46  
    209               45  
    210               45  
    211               47  
    212               51  
    213               53  
    214               53  
    215               50  
    216               48  
    217               46  
    218               45  
    219               45  
    220               47  
    221               50  
    222               53  
    223               53  
    224               51  
    225               48  
    226               47  
    227               45  
    228               45  
    229               47  
    230               50  
    231               52  
    232               52  
    233               50  
    234               48  
    235               46  
    236               45  
    237               44  
    238               44  
    239               46  
    240               49  
    241               51  
    242               52  
    243               51  
    244               49  
    245               47  
    246               45  
    247               44  
    248               43  
    249               44  
    250               46  
    251               50  
    252               52  
    253               53  
    254               51  
    255               49  
    256               47  
    257               45  
    258               45  
    259               48  
    260               51  
    261               53  
    262               52  
    263               50  
    264               48  
    265               46  
    266               45  
    267               45  
    268               47  
    269               50  
    270               53  
    271               53  
    272               50  
    273               48  
    274               46  
    275               45  
    276               45  
    277               48  
    278               52  
    279               54  
    280               52  
    281               50  
    282               48  
    283               46  
    284               46  
    285               49  
    286               53  
    287               55  
    288               52  
    289               50  
    290               47  
    291               46  
    292               48  
    293               51  
    294               54  
    295               54  
    296               51  
    297               48  
    298               46  
    299               46  
    300               49  
    301               52  
    302               54  
    303               52  
    304               50  
    305               47  
    306               45  
    307               45  
    308               46  
    309               48  
    310               52  
    311               53  
    312               52  
    313               49  
    314               47  
    315               45  
    316               44  
    317               45  
    318               47  
    319               50  
    320               52  
    321               52  
    322               50  
    323               48  
    324               47  
    325               45  
    326               44  
    327               45  
    328               46  
    329               49  
    330               51  
    331               52  
    332               50  
    333               49  
    334               47  
    335               45  
    336               44  
    337               43  
    338               44  
    339               46  
    340               48  
    341               51  
    342               52  
    343               51  
    344               49  
    345               47  
    346               45  
    347               44  
    348               43  
    349               43  
    350               45  
    351               47  
    352               49  
    353               51  
    354               51  
    355               50  
    356               48  
    357               47  
    358               45  
    359               44  
    360               43  
    361               43  
    362               44  
    363               45  
    364               47  
    365               49  
    366               50  
    367               51  
    368               49  
    369               48  
    370               46  
    371               45  
    372               44  
    373               43  
    374               42  
    375               43  
    376               44  
    377               45  
    378               47  
    379               49  
    380               50  
    381               50  
    382               49  
    383               48  
    384               46  
    385               45  
    386               44  
    387               43  
    388               42  
    389               42  
    390               43  
    391               45  
    392               46  
    393               48  
    394               49  
    395               50  
    396               50  
    397               49  
    398               47  
    399               46  
    400               45  
    401               44  
    402               43  
    403               42  
    404               43  
    405               44  
    406               46  
    407               48  
    408               49  
    409               50  
    410               50  
    411               48  
    412               47  
    413               46  
    414               45  
    415               44  
    416               43  
    417               42  
    418               43  
    419               44  
    420               46  
    421               47  
    422               49  
    423               50  
    424               50  
    425               49  
    426               48  
    427               47  
    428               45  
    429               44  
    430               43  
    431               42  
    432               42  
    433               43  
    434               45  
    435               47  
    436               49  
    437               50  
    438               50  
    439               49  
    440               48  
    441               47  
    442               46  
    443               45  
    444               43  
    445               43  
    446               42  
    447               43  
    448               45  
    449               47  
    450               49  
    451               50  
    452               50  
    453               49  
    454               48  
    455               46  
    456               45  
    457               44  
    458               43  
    459               42  
    460               42  
    461               43  
    462               45  
    463               48  
    464               50  
    465               51  
    466               51  
    467               49  
    468               47  
    469               46  
    470               44  
    471               44  
    472               44  
    473               46  
    474               49  
    475               52  
    476               53  
    477               51  
    478               49  
    479               47  
    480               45  
    481               45  
    482               47  
    483               50  
    484               53  
    485               53  
    486               51  
    487               48  
    488               47  
    489               45  
    490               45  
    491               47  
    492               50  
    493               53  
    494               53  
    495               51  
    496               48  
    497               47  
    498               45  
    499               45  
