    0                 17  
    1                 18  
    2                 21  
    3                 25  
    4                 21  
    5                 20  
    6                 23  
    7                 24  
    8                 18  
    9                 22  
    10                25  
    11                19  
    12                20  
    13                24  
    14                21  
    15                18  
    16                22  
    17                21  
    18                17  
    19                21  
    20                22  
    21                17  
    22                21  
    23                24  
    24                18  
    25                20  
    26                24  
    27                19  
    28                19  
    29                23  
    30                20  
    31                18  
    32                22  
    33                21  
    34                18  
    35                21  
    36                22  
    37                17  
    38                20  
    39                21  
    40                16  
    41                19  
    42                19  
    43                15  
    44                19  
    45                16  
    46                16  
    47                20  
    48                15  
    49                17  
    50                20  
    51                14  
    52                17  
    53                18  
    54                15  
    55                18  
    56                15  
    57                16  
    58                20  
    59                14  
    60                17  
    61                19  
    62                14  
    63                18  
    64                16  
    65                15  
    66                19  
    67                13  
    68                16  
    69                18  
    70                14  
    71                18  
    72                16  
    73                16  
    74                20  
    75                14  
    76                17  
    77                20  
    78                14  
    79                18  
    80                18  
    81                15  
    82                19  
    83                15  
    84                16  
    85                19  
    86                13  
    87                16  
    88                15  
    89                13  
    90                17  
    91                11  
    92                15  
    93                10  
    94                13  
    95                12  
    96                11  
    97                13  
    98                10  
    99                13  
    100                9  
    101               13  
    102                9  
    103               13  
    104                9  
    105               12  
    106               10  
    107               11  
    108               12  
    109               10  
    110               14  
    111               10  
    112               14  
    113                9  
    114               13  
    115               10  
    116               12  
    117               11  
    118               11  
    119               13  
    120               10  
    121               14  
    122                9  
    123               14  
    124                9  
    125               13  
    126               12  
    127               12  
    128               15  
    129               11  
    130               15  
    131               10  
    132               14  
    133               12  
    134               13  
    135               15  
    136               11  
    137               15  
    138               10  
    139               14  
    140               13  
    141               13  
    142               16  
    143               12  
    144               15  
    145               11  
    146               13  
    147               13  
    148               12  
    149               14  
    150               10  
    151               15  
    152               10  
    153               13  
    154               12  
    155               13  
    156               15  
    157               11  
    158               16  
    159               11  
    160               14  
    161               14  
    162               13  
    163               17  
    164               12  
    165               15  
    166               14  
    167               13  
    168               18  
    169               12  
    170               16  
    171               14  
    172               13  
    173               16  
    174               11  
    175               15  
    176               10  
    177               13  
    178               11  
    179               11  
    180               12  
    181               10  
    182               14  
    183               10  
    184               14  
    185               10  
    186               13  
    187               12  
    188               12  
    189               15  
    190               11  
    191               15  
    192               10  
    193               14  
    194               12  
    195               12  
    196               15  
    197               11  
    198               15  
    199               10  
    200               14  
    201               11  
    202               12  
    203               13  
    204               11  
    205               14  
    206               10  
    207               13  
    208                9  
    209               13  
    210                9  
    211               12  
    212               12  
    213               11  
    214               14  
    215               11  
    216               15  
    217               10  
    218               14  
    219               12  
    220               13  
    221               15  
    222               11  
    223               16  
    224               11  
    225               14  
    226               13  
    227               13  
    228               16  
    229               11  
    230               15  
    231               11  
    232               13  
    233               14  
    234               11  
    235               15  
    236               10  
    237               14  
    238               10  
    239               13  
    240               11  
    241               11  
    242               12  
    243               11  
    244               15  
    245               10  
    246               14  
    247               10  
    248               13  
    249               12  
    250               12  
    251               15  
    252               11  
    253               15  
    254               10  
    255               14  
    256               12  
    257               12  
    258               14  
    259               11  
    260               15  
    261               10  
    262               13  
    263               10  
    264               13  
    265               12  
    266               12  
    267               15  
    268               11  
    269               15  
    270               10  
    271               14  
    272               14  
    273               13  
    274               17  
    275               12  
    276               16  
    277               13  
    278               14  
    279               17  
    280               12  
    281               16  
    282               14  
    283               14  
    284               17  
    285               12  
    286               15  
    287               11  
    288               13  
    289               12  
    290               11  
    291               14  
    292               10  
    293               14  
    294                9  
    295               13  
    296                9  
    297               12  
    298               10  
    299               11  
    300               14  
    301               11  
    302               15  
    303               10  
    304               14  
    305               11  
    306               12  
    307               13  
    308               12  
    309               15  
    310               11  
    311               14  
    312               11  
    313               13  
    314               11  
    315               11  
    316               13  
    317               10  
    318               14  
    319                9  
    320               13  
    321                9  
    322               12  
    323                9  
    324               11  
    325               10  
    326               11  
    327               12  
    328               10  
    329               15  
    330               10  
    331               14  
    332               10  
    333               13  
    334               10  
    335               11  
    336               12  
    337               11  
    338               14  
    339               10  
    340               14  
    341                9  
    342               12  
    343                9  
    344               11  
    345               10  
    346               11  
    347               11  
    348               10  
    349               12  
    350                9  
    351               13  
    352                9  
    353               13  
    354                8  
    355               12  
    356                8  
    357               12  
    358                9  
    359               12  
    360               11  
    361               11  
    362               14  
    363               10  
    364               14  
    365                9  
    366               13  
    367               10  
    368               12  
    369               12  
    370               11  
    371               14  
    372               10  
    373               14  
    374                9  
    375               13  
    376                9  
    377               12  
    378               10  
    379               11  
    380               12  
    381               10  
    382               13  
    383               10  
    384               14  
    385                9  
    386               13  
    387               10  
    388               13  
    389               12  
    390               12  
    391               15  
    392               11  
    393               15  
    394               10  
    395               13  
    396               13  
    397               12  
    398               15  
    399               11  
    400               15  
    401               10  
    402               13  
    403               10  
    404               12  
    405               11  
    406               10  
    407               12  
    408               10  
    409               14  
    410                9  
    411               14  
    412               10  
    413               13  
    414               12  
    415               12  
    416               16  
    417               12  
    418               16  
    419               12  
    420               14  
    421               16  
    422               13  
    423               17  
    424               13  
    425               15  
    426               18  
    427               13  
    428               17  
    429               15  
    430               14  
    431               19  
    432               13  
    433               16  
    434               16  
    435               14  
    436               18  
    437               14  
    438               16  
    439               20  
    440               14  
    441               17  
    442               18  
    443               15  
    444               19  
    445               17  
    446               16  
    447               20  
    448               15  
    449               17  
    450               21  
    451               15  
    452               17  
    453               19  
    454               14  
    455               17  
    456               14  
    457               15  
    458               17  
    459               12  
    460               16  
    461               12  
    462               14  
    463               14  
    464               12  
    465               16  
    466               11  
    467               15  
    468               12  
    469               14  
    470               15  
    471               12  
    472               16  
    473               11  
    474               14  
    475               14  
    476               13  
    477               17  
    478               12  
    479               15  
    480               14  
    481               13  
    482               16  
    483               12  
    484               15  
    485               11  
    486               13  
    487               13  
    488               12  
    489               15  
    490               10  
    491               14  
    492               10  
    493               13  
    494               10  
    495               12  
    496               13  
    497               11  
    498               15  
    499               10  

