    0                 19  
    1                 22  
    2                 26  
    3                 27  
    4                 21  
    5                 23  
    6                 27  
    7                 26  
    8                 21  
    9                 23  
    10                27  
    11                26  
    12                21  
    13                23  
    14                27  
    15                26  
    16                21  
    17                24  
    18                27  
    19                25  
    20                21  
    21                24  
    22                28  
    23                25  
    24                21  
    25                24  
    26                28  
    27                25  
    28                22  
    29                25  
    30                29  
    31                25  
    32                22  
    33                25  
    34                28  
    35                26  
    36                22  
    37                24  
    38                28  
    39                26  
    40                21  
    41                24  
    42                28  
    43                26  
    44                21  
    45                24  
    46                28  
    47                26  
    48                22  
    49                24  
    50                28  
    51                28  
    52                22  
    53                24  
    54                27  
    55                28  
    56                23  
    57                23  
    58                26  
    59                28  
    60                23  
    61                23  
    62                26  
    63                28  
    64                23  
    65                22  
    66                26  
    67                28  
    68                22  
    69                22  
    70                26  
    71                28  
    72                22  
    73                23  
    74                26  
    75                28  
    76                22  
    77                23  
    78                26  
    79                27  
    80                21  
    81                23  
    82                26  
    83                26  
    84                21  
    85                23  
    86                27  
    87                25  
    88                21  
    89                23  
    90                27  
    91                25  
    92                21  
    93                24  
    94                28  
    95                25  
    96                21  
    97                24  
    98                28  
    99                25  
    100               21  
    101               24  
    102               28  
    103               25  
    104               21  
    105               24  
    106               28  
    107               24  
    108               21  
    109               25  
    110               28  
    111               24  
    112               22  
    113               25  
    114               29  
    115               25  
    116               22  
    117               25  
    118               29  
    119               25  
    120               22  
    121               25  
    122               28  
    123               26  
    124               22  
    125               24  
    126               28  
    127               25  
    128               21  
    129               24  
    130               28  
    131               25  
    132               21  
    133               24  
    134               28  
    135               26  
    136               22  
    137               24  
    138               28  
    139               26  
    140               22  
    141               24  
    142               28  
    143               27  
    144               22  
    145               24  
    146               27  
    147               27  
    148               21  
    149               23  
    150               27  
    151               27  
    152               21  
    153               23  
    154               27  
    155               27  
    156               22  
    157               24  
    158               27  
    159               27  
    160               22  
    161               23  
    162               27  
    163               27  
    164               22  
    165               23  
    166               27  
    167               27  
    168               22  
    169               23  
    170               27  
    171               27  
    172               22  
    173               23  
    174               27  
    175               27  
    176               21  
    177               23  
    178               27  
    179               28  
    180               22  
    181               23  
    182               27  
    183               28  
    184               22  
    185               23  
    186               27  
    187               28  
    188               23  
    189               23  
    190               26  
    191               28  
    192               23  
    193               23  
    194               26  
    195               28  
    196               23  
    197               23  
    198               26  
    199               29  
    200               23  
    201               23  
    202               26  
    203               29  
    204               24  
    205               22  
    206               25  
    207               29  
    208               24  
    209               22  
    210               25  
    211               28  
    212               24  
    213               22  
    214               25  
    215               29  
    216               24  
    217               22  
    218               25  
    219               29  
    220               24  
    221               22  
    222               25  
    223               29  
    224               25  
    225               22  
    226               25  
    227               28  
    228               25  
    229               22  
    230               24  
    231               28  
    232               26  
    233               21  
    234               24  
    235               28  
    236               26  
    237               22  
    238               24  
    239               28  
    240               26  
    241               22  
    242               24  
    243               28  
    244               27  
    245               22  
    246               24  
    247               27  
    248               27  
    249               22  
    250               23  
    251               27  
    252               28  
    253               22  
    254               23  
    255               26  
    256               28  
    257               22  
    258               23  
    259               26  
    260               27  
    261               22  
    262               23  
    263               27  
    264               29  
    265               23  
    266               23  
    267               26  
    268               29  
    269               23  
    270               23  
    271               26  
    272               29  
    273               23  
    274               22  
    275               25  
    276               28  
    277               23  
    278               22  
    279               25  
    280               28  
    281               23  
    282               22  
    283               26  
    284               29  
    285               24  
    286               22  
    287               25  
    288               29  
    289               24  
    290               22  
    291               25  
    292               29  
    293               25  
    294               22  
    295               25  
    296               28  
    297               25  
    298               22  
    299               24  
    300               28  
    301               25  
    302               22  
    303               24  
    304               28  
    305               26  
    306               22  
    307               25  
    308               28  
    309               27  
    310               22  
    311               24  
    312               27  
    313               28  
    314               22  
    315               23  
    316               27  
    317               28  
    318               22  
    319               23  
    320               26  
    321               28  
    322               23  
    323               23  
    324               26  
    325               29  
    326               23  
    327               23  
    328               26  
    329               29  
    330               24  
    331               22  
    332               25  
    333               29  
    334               25  
    335               22  
    336               25  
    337               29  
    338               25  
    339               22  
    340               24  
    341               28  
    342               26  
    343               22  
    344               24  
    345               28  
    346               27  
    347               22  
    348               24  
    349               28  
    350               28  
    351               22  
    352               24  
    353               27  
    354               29  
    355               23  
    356               23  
    357               26  
    358               29  
    359               23  
    360               22  
    361               26  
    362               29  
    363                0  
    364               22  
    365               26  
    366               29  
    367               24  
    368               22  
    369               25  
    370               29  
    371               25  
    372               22  
    373               25  
    374               29  
    375               25  
    376               22  
    377               25  
    378               28  
    379               25  
    380               21  
    381               24  
    382               28  
    383               25  
    384               21  
    385               24  
    386               28  
    387               24  
    388               21  
    389               25  
    390               28  
    391               25  
    392               22  
    393               24  
    394               28  
    395               25  
    396               22  
    397               24  
    398               28  
    399               25  
    400               21  
    401               24  
    402               28  
    403               24  
    404               21  
    405               24  
    406               28  
    407               24  
    408               21  
    409               25  
    410               28  
    411               24  
    412               22  
    413               25  
    414               28  
    415               23  
    416               22  
    417               25  
    418               28  
    419               23  
    420               22  
    421               25  
    422               27  
    423               21  
    424               22  
    425               25  
    426               25  
    427               20  
    428               23  
    429               27  
    430               23  
    431               21  
    432               24  
    433               28  
    434               23  
    435               21  
    436               25  
    437               28  
    438               22  
    439               22  
    440               25  
    441               28  
    442               22  
    443               22  
    444               26  
    445               27  
    446               21  
    447               23  
    448               26  
    449               27  
    450               21  
    451               23  
    452               27  
    453               27  
    454               22  
    455               23  
    456               27  
    457               27  
    458               22  
    459               23  
    460               27  
    461               28  
    462               22  
    463               23  
    464               26  
    465               28  
    466               22  
    467               23  
    468               26  
    469               28  
    470               22  
    471               23  
    472               26  
    473               28  
    474               22  
    475               23  
    476               26  
    477               29  
    478               23  
    479               23  
    480               26  
    481               29  
    482               23  
    483               22  
    484               26  
    485               29  
    486               23  
    487               22  
    488               25  
    489               28  
    490               23  
    491               22  
    492               25  
    493               28  
    494               23  
    495               22  
    496               26  
    497               29  
    498               24  
    499               22  
