    0                 13  
    1                 16  
    2                 12  
    3                 16  
    4                 12  
    5                 14  
    6                 17  
    7                 13  
    8                 17  
    9                 14  
    10                15  
    11                19  
    12                13  
    13                17  
    14                17  
    15                14  
    16                19  
    17                15  
    18                16  
    19                20  
    20                14  
    21                18  
    22                20  
    23                15  
    24                19  
    25                19  
    26                16  
    27                20  
    28                19  
    29                16  
    30                20  
    31                19  
    32                17  
    33                20  
    34                19  
    35                17  
    36                20  
    37                18  
    38                17  
    39                21  
    40                18  
    41                17  
    42                21  
    43                18  
    44                17  
    45                22  
    46                18  
    47                17  
    48                21  
    49                19  
    50                17  
    51                21  
    52                20  
    53                17  
    54                21  
    55                21  
    56                17  
    57                21  
    58                21  
    59                17  
    60                20  
    61                22  
    62                17  
    63                20  
    64                22  
    65                17  
    66                20  
    67                24  
    68                18  
    69                20  
    70                24  
    71                19  
    72                19  
    73                23  
    74                22  
    75                18  
    76                22  
    77                24  
    78                18  
    79                20  
    80                24  
    81                19  
    82                19  
    83                23  
    84                20  
    85                18  
    86                22  
    87                21  
    88                17  
    89                21  
    90                23  
    91                17  
    92                21  
    93                24  
    94                18  
    95                20  
    96                24  
    97                21  
    98                19  
    99                23  
    100               24  
    101               18  
    102               21  
    103               25  
    104               19  
    105               20  
    106               24  
    107               21  
    108               19  
    109               22  
    110               23  
    111               18  
    112               22  
    113               25  
    114               20  
    115               20  
    116               24  
    117               23  
    118               19  
    119               22  
    120               26  
    121               20  
    122               20  
    123               24  
    124               22  
    125               19  
    126               22  
    127               24  
    128               18  
    129               21  
    130               25  
    131               20  
    132               19  
    133               23  
    134               23  
    135               19  
    136               22  
    137               26  
    138               19  
    139               20  
    140               24  
    141               23  
    142               19  
    143               23  
    144               26  
    145               20  
    146               21  
    147               25  
    148               22  
    149               19  
    150               22  
    151               25  
    152               19  
    153               21  
    154               25  
    155               20  
    156               19  
    157               24  
    158               24  
    159               19  
    160               22  
    161               25  
    162               20  
    163               20  
    164               24  
    165               24  
    166               19  
    167               22  
    168               26  
    169               20  
    170               20  
    171               24  
    172               23  
    173               19  
    174               22  
    175               25  
    176               19  
    177               20  
    178               25  
    179               21  
    180               20  
    181               23  
    182               25  
    183               19  
    184               21  
    185               26  
    186               23  
    187               20  
    188               23  
    189               26  
    190               20  
    191               21  
    192               25  
    193               24  
    194               19  
    195               22  
    196                0  
    197               20  
    198               21  
    199               24  
    200               25  
    201               20  
    202               23  
    203               26  
    204               23  
    205               20  
    206               24  
    207               27  
    208               22  
    209               21  
    210               25  
    211               27  
    212               20  
    213               22  
    214               26  
    215               24  
    216               20  
    217               23  
    218               26  
    219               21  
    220               21  
    221               24  
    222               24  
    223               19  
    224               23  
    225               26  
    226               22  
    227               20  
    228               24  
    229               26  
    230               20  
    231               22  
    232               25  
    233               25  
    234               20  
    235               23  
    236               27  
    237               22  
    238               20  
    239               24  
    240               25  
    241               19  
    242               22  
    243               25  
    244               21  
    245               20  
    246               24  
    247               25  
    248               20  
    249               22  
    250               26  
    251               23  
    252               20  
    253               23  
    254               27  
    255               22  
    256               21  
    257               24  
    258               26  
    259               20  
    260               22  
    261               26  
    262               22  
    263               20  
    264               23  
    265               26  
    266               20  
    267               21  
    268               26  
    269               24  
    270               20  
    271               23  
    272               27  
    273               23  
    274               21  
    275               24  
    276               28  
    277               22  
    278               21  
    279               25  
    280               27  
    281               21  
    282               22  
    283               25  
    284               25  
    285               20  
    286               23  
    287               27  
    288               22  
    289               21  
    290               24  
    291               27  
    292               22  
    293               22  
    294               25  
    295               27  
    296               22  
    297               22  
    298               26  
    299               27  
    300               21  
    301               23  
    302               26  
    303               26  
    304               20  
    305               23  
    306               26  
    307               24  
    308               20  
    309               24  
    310               27  
    311               23  
    312               21  
    313               25  
    314               28  
    315               22  
    316               22  
    317               25  
    318               28  
    319               22  
    320               22  
    321               26  
    322               27  
    323               21  
    324               22  
    325               25  
    326               26  
    327               20  
    328               22  
    329               26  
    330               24  
    331               20  
    332               24  
    333               27  
    334               22  
    335               21  
    336               25  
    337               27  
    338               21  
    339               22  
    340               26  
    341               27  
    342               21  
    343               23  
    344               26  
    345               25  
    346               21  
    347               23  
    348               27  
    349               23  
    350               20  
    351               24  
    352               27  
    353               21  
    354               21  
    355               25  
    356               26  
    357               21  
    358               23  
    359               26  
    360               25  
    361               20  
    362               23  
    363               27  
    364               23  
    365               20  
    366               24  
    367               26  
    368               20  
    369               21  
    370               25  
    371               23  
    372               19  
    373               23  
    374               25  
    375               19  
    376               21  
    377               25  
    378               21  
    379               19  
    380               23  
    381               23  
    382               18  
    383               21  
    384               25  
    385               19  
    386               20  
    387               24  
    388               21  
    389               19  
    390               23  
    391               23  
    392               18  
    393               21  
    394               24  
    395               18  
    396               20  
    397               24  
    398               20  
    399               19  
    400               23  
    401               23  
    402               19  
    403               22  
    404               25  
    405               20  
    406               20  
    407               24  
    408               24  
    409               19  
    410               22  
    411               26  
    412               21  
    413               20  
    414               24  
    415               24  
    416               19  
    417               22  
    418               26  
    419               20  
    420               20  
    421               24  
    422               24  
    423               19  
    424               22  
    425               26  
    426               21  
    427               20  
    428               24  
    429               26  
    430               20  
    431               22  
    432               26  
    433               24  
    434               20  
    435               23  
    436               26  
    437               21  
    438               21  
    439               24  
    440               25  
    441               19  
    442               22  
    443               26  
    444               22  
    445               20  
    446               24  
    447               27  
    448               20  
    449               22  
    450               25  
    451               26  
    452               20  
    453               23  
    454               27  
    455               24  
    456               20  
    457               23  
    458               27  
    459               21  
    460               21  
    461               24  
    462               26  
    463               20  
    464               22  
    465               26  
    466               25  
    467               20  
    468               23  
    469               27  
    470               23  
    471               21  
    472               24  
    473               28  
    474               22  
    475               22  
    476               25  
    477               27  
    478               21  
    479               22  
    480               25  
    481               24  
    482               20  
    483               23  
    484               26  
    485               21  
    486               20  
    487               24  
    488               24  
    489               19  
    490               22  
    491               26  
    492               20  
    493               20  
    494               24  
    495               24  
    496               19  
    497               22  
    498               26  
    499               20  
