    0                 33  
    1                 21  
    2                 23  
    3                 26  
    4                 26  
    5                 21  
    6                 23  
    7                 27  
    8                 24  
    9                 20  
    10                24  
    11                27  
    12                21  
    13                21  
    14                25  
    15                24  
    16                 0  
    17                22  
    18                26  
    19                22  
    20                21  
    21                24  
    22                27  
    23                21  
    24                22  
    25                26  
    26                25  
    27                20  
    28                23  
    29                27  
    30                22  
    31                20  
    32                24  
    33                25  
    34                19  
    35                21  
    36                25  
    37                22  
    38                20  
    39                23  
    40                25  
    41                19  
    42                22  
    43                26  
    44                23  
    45                20  
    46                24  
    47                27  
    48                22  
    49                21  
    50                25  
    51                26  
    52                20  
    53                22  
    54                26  
    55                23  
    56                20  
    57                23  
    58                26  
    59                21  
    60                21  
    61                25  
    62                25  
    63                20  
    64                23  
    65                27  
    66                24  
    67                21  
    68                24  
    69                28  
    70                23  
    71                21  
    72                25  
    73                27  
    74                22  
    75                22  
    76                25  
    77                26  
    78                20  
    79                22  
    80                26  
    81                23  
    82                20  
    83                23  
    84                27  
    85                21  
    86                21  
    87                25  
    88                25  
    89                20  
    90                22  
    91                26  
    92                22  
    93                20  
    94                24  
    95                26  
    96                20  
    97                21  
    98                25  
    99                22  
    100               19  
    101               23  
    102               24  
    103               18  
    104               21  
    105               25  
    106               20  
    107               20  
    108               24  
    109               23  
    110               19  
    111               22  
    112               25  
    113               19  
    114               21  
    115               25  
    116               23  
    117               19  
    118               23  
    119               25  
    120               19  
    121               21  
    122               25  
    123               21  
    124               19  
    125               23  
    126               24  
    127               19  
    128               22  
    129               25  
    130               20  
    131               20  
    132               24  
    133               23  
    134               19  
    135               23  
    136               26  
    137               20  
    138               21  
    139               25  
    140               23  
    141               19  
    142               23  
    143               25  
    144                0  
    145               21  
    146               25  
    147               22  
    148               19  
    149               23  
    150               25  
    151               19  
    152               21  
    153               26  
    154               22  
    155               20  
    156               24  
    157               26  
    158               20  
    159               21  
    160               25  
    161               24  
    162               20  
    163               23  
    164               27  
    165               21  
    166               21  
    167               24  
    168               25  
    169               19  
    170               22  
    171               26  
    172               21  
    173               20  
    174               24  
    175               25  
    176               20  
    177               22  
    178               26  
    179               23  
    180               20  
    181               24  
    182               27  
    183               21  
    184               21  
    185               25  
    186               26  
    187               21  
    188               22  
    189               26  
    190               25  
    191               20  
    192               23  
    193               27  
    194               23  
    195               21  
    196               24  
    197               28  
    198               23  
    199               22  
    200               25  
    201               29  
    202               24  
    203               22  
    204               25  
    205               29  
    206               25  
    207               22  
    208               25  
    209               29  
    210               25  
    211               22  
    212               25  
    213               28  
    214               25  
    215               22  
    216               25  
    217               28  
    218               26  
    219               22  
    220               25  
    221               28  
    222               27  
    223               22  
    224               24  
    225               27  
    226               29  
    227               24  
    228               23  
    229               26  
    230               30  
    231               25  
    232               23  
    233               25  
    234               29  
    235               26  
    236               22  
    237               25  
    238               29  
    239               28  
    240               23  
    241               24  
    242               28  
    243               28  
    244               23  
    245               23  
    246               27  
    247               29  
    248               23  
    249               23  
    250               26  
    251               28  
    252               22  
    253               22  
    254               26  
    255               26  
    256               21  
    257               23  
    258               26  
    259               25  
    260               21  
    261               23  
    262               27  
    263               24  
    264               21  
    265               24  
    266               28  
    267               22  
    268               21  
    269               25  
    270               27  
    271               21  
    272               22  
    273               25  
    274               25  
    275               20  
    276               23  
    277               26  
    278               21  
    279               20  
    280               24  
    281               25  
    282               19  
    283               22  
    284               26  
    285               22  
    286               20  
    287               24  
    288               26  
    289               20  
    290               22  
    291               26  
    292               23  
    293               20  
    294               23  
    295               26  
    296               19  
    297               21  
    298               25  
    299               22  
    300               19  
    301               23  
    302               25  
    303               19  
    304               21  
    305               26  
    306               22  
    307               20  
    308               23  
    309               26  
    310               20  
    311               21  
    312               25  
    313               24  
    314               20  
    315               23  
    316               26  
    317               20  
    318               21  
    319               24  
    320               24  
    321               19  
    322               22  
    323               26  
    324               20  
    325               21  
    326               25  
    327               24  
    328               19  
    329               23  
    330               26  
    331               21  
    332               21  
    333               24  
    334               25  
    335               20  
    336               22  
    337               26  
    338               22  
    339               20  
    340               23  
    341               25  
    342               19  
    343               21  
    344               25  
    345               21  
    346               20  
    347               23  
    348               24  
    349               19  
    350               22  
    351               26  
    352               21  
    353               20  
    354               24  
    355               25  
    356               20  
    357               22  
    358               26  
    359               23  
    360               20  
    361               23  
    362               26  
    363               19  
    364               21  
    365               25  
    366               22  
    367               19  
    368               23  
    369               26  
    370               20  
    371               22  
    372               26  
    373               24  
    374               20  
    375               23  
    376               27  
    377               22  
    378               21  
    379               25  
    380               27  
    381               21  
    382               22  
    383               25  
    384               24  
    385               20  
    386               23  
    387               26  
    388               20  
    389               21  
    390               25  
    391               24  
    392               19  
    393               23  
    394               26  
    395               20  
    396               21  
    397               25  
    398               24  
    399               20  
    400               22  
    401               26  
    402               22  
    403               20  
    404               24  
    405               25  
    406               20  
    407               22  
    408               25  
    409               21  
    410               20  
    411               23  
    412               25  
    413               19  
    414               22  
    415               26  
    416               22  
    417               20  
    418               24  
    419               26  
    420               20  
    421               22  
    422               26  
    423               23  
    424               20  
    425               23  
    426               26  
    427               20  
    428               21  
    429               25  
    430               22  
    431               19  
    432               23  
    433               25  
    434               19  
    435               21  
    436               25  
    437               21  
    438               20  
    439               24  
    440               24  
    441               19  
    442               22  
    443               26  
    444               21  
    445               20  
    446               24  
    447               25  
    448               19  
    449               22  
    450               26  
    451               21  
    452               20  
    453               23  
    454               23  
    455               19  
    456               22  
    457               25  
    458               20  
    459               20  
    460               25  
    461               23  
    462               19  
    463               23  
    464               26  
    465               20  
    466               21  
    467               25  
    468               24  
    469               19  
    470               23  
    471               26  
    472               20  
    473               21  
    474               24  
    475               23  
    476               19  
    477               22  
    478               25  
    479               19  
    480               21  
    481               25  
    482               21  
    483               20  
    484               23  
    485               25  
    486               19  
    487               22  
    488               26  
    489               21  
    490               20  
    491               24  
    492               25  
    493               19  
    494               22  
    495               26  
    496               21  
    497               20  
    498               23  
    499               24  
