    0                 27  
    1                 32  
    2                 32  
    3                 27  
    4                 26  
    5                 28  
    6                 31  
    7                 33  
    8                 29  
    9                 26  
    10                27  
    11                30  
    12                33  
    13                32  
    14                27  
    15                26  
    16                28  
    17                31  
    18                33  
    19                29  
    20                26  
    21                27  
    22                30  
    23                33  
    24                31  
    25                27  
    26                26  
    27                29  
    28                32  
    29                33  
    30                29  
    31                26  
    32                27  
    33                30  
    34                33  
    35                32  
    36                28  
    37                26  
    38                28  
    39                31  
    40                34  
    41                31  
    42                27  
    43                27  
    44                29  
    45                32  
    46                33  
    47                29  
    48                26  
    49                27  
    50                30  
    51                33  
    52                32  
    53                28  
    54                27  
    55                29  
    56                31  
    57                34  
    58                32  
    59                27  
    60                27  
    61                29  
    62                32  
    63                34  
    64                32  
    65                27  
    66                27  
    67                29  
    68                32  
    69                34  
    70                31  
    71                27  
    72                27  
    73                30  
    74                33  
    75                35  
    76                34  
    77                30  
    78                28  
    79                29  
    80                32  
    81                34  
    82                36  
    83                34  
    84                30  
    85                28  
    86                30  
    87                32  
    88                34  
    89                36  
    90                32  
    91                29  
    92                29  
    93                31  
    94                33  
    95                35  
    96                37  
    97                35  
    98                32  
    99                29  
    100               30  
    101               32  
    102               34  
    103               36  
    104               37  
    105               33  
    106               30  
    107               29  
    108               30  
    109               32  
    110               35  
    111               37  
    112               35  
    113               32  
    114               29  
    115               30  
    116               32  
    117               34  
    118               36  
    119               37  
    120               35  
    121               31  
    122               29  
    123               30  
    124               32  
    125               34  
    126               37  
    127               37  
    128               34  
    129               31  
    130               30  
    131               31  
    132               33  
    133               35  
    134               37  
    135               38  
    136               37  
    137               33  
    138               31  
    139               30  
    140               31  
    141               33  
    142               35  
    143               37  
    144               37  
    145               34  
    146               32  
    147               30  
    148               31  
    149               33  
    150               34  
    151               36  
    152               38  
    153               38  
    154               35  
    155               32  
    156               31  
    157               31  
    158               32  
    159               34  
    160               36  
    161               38  
    162               37  
    163               34  
    164               32  
    165               31  
    166               31  
    167               33  
    168               35  
    169               36  
    170               38  
    171               39  
    172               37  
    173               35  
    174               32  
    175               31  
    176               32  
    177               33  
    178               35  
    179               37  
    180               39  
    181               38  
    182               35  
    183               32  
    184               31  
    185               31  
    186               33  
    187               34  
    188               36  
    189               38  
    190               39  
    191               38  
    192               36  
    193               33  
    194               31  
    195               31  
    196               33  
    197               34  
    198               36  
    199               38  
    200               39  
    201               38  
    202               35  
    203               32  
    204               31  
    205               32  
    206               33  
    207               35  
    208               36  
    209               38  
    210               39  
    211               37  
    212               34  
    213               31  
    214               30  
    215               32  
    216               33  
    217               35  
    218               37  
    219               38  
    220               35  
    221               32  
    222               30  
    223               30  
    224               32  
    225               34  
    226               36  
    227               38  
    228               36  
    229               33  
    230               30  
    231               30  
    232               31  
    233               33  
    234               35  
    235               37  
    236               37  
    237               33  
    238               31  
    239               30  
    240               31  
    241               33  
    242               35  
    243               37  
    244               39  
    245               38  
    246               35  
    247               32  
    248               30  
    249               31  
    250               33  
    251               35  
    252               37  
    253               39  
    254               38  
    255               36  
    256               33  
    257               31  
    258               31  
    259               33  
    260               34  
    261               36  
    262               37  
    263               39  
    264               39  
    265               37  
    266               33  
    267               31  
    268               31  
    269               32  
    270               34  
    271               36  
    272               38  
    273               39  
    274               38  
    275               36  
    276               33  
    277               32  
    278               31  
    279               33  
    280               34  
    281               36  
    282               37  
    283               39  
    284               38  
    285               35  
    286               32  
    287               31  
    288               31  
    289               33  
    290               35  
    291               37  
    292               39  
    293               39  
    294               38  
    295               35  
    296               33  
    297               31  
    298               32  
    299               33  
    300               34  
    301               36  
    302               38  
    303               38  
    304               35  
    305               32  
    306               30  
    307               31  
    308               32  
    309               34  
    310               36  
    311               38  
    312               36  
    313               32  
    314               30  
    315               30  
    316               31  
    317               33  
    318               35  
    319               37  
    320               35  
    321               32  
    322               29  
    323               30  
    324               32  
    325               34  
    326               36  
    327               37  
    328               34  
    329               30  
    330               29  
    331               31  
    332               33  
    333               35  
    334               37  
    335               36  
    336               33  
    337               30  
    338               29  
    339               31  
    340               33  
    341               35  
    342               37  
    343               35  
    344               31  
    345               29  
    346               30  
    347               32  
    348               34  
    349               36  
    350               36  
    351               33  
    352               29  
    353               29  
    354               31  
    355               33  
    356               35  
    357               37  
    358               34  
    359               30  
    360               29  
    361               30  
    362               32  
    363               34  
    364               37  
    365               36  
    366               33  
    367               30  
    368               29  
    369               31  
    370               33  
    371               35  
    372               37  
    373               37  
    374               34  
    375               30  
    376               29  
    377               31  
    378               33  
    379               35  
    380               37  
    381               36  
    382               33  
    383               30  
    384               30  
    385               31  
    386               33  
    387               35  
    388               37  
    389               36  
    390               32  
    391               29  
    392               30  
    393               31  
    394               33  
    395               36  
    396               37  
    397               34  
    398               30  
    399               29  
    400               30  
    401               32  
    402               35  
    403               37  
    404               35  
    405               31  
    406               29  
    407               30  
    408               31  
    409               34  
    410               36  
    411               36  
    412               33  
    413               30  
    414               29  
    415               30  
    416               33  
    417               35  
    418               37  
    419               35  
    420               32  
    421               29  
    422               30  
    423               32  
    424               34  
    425               36  
    426               37  
    427               35  
    428               32  
    429               30  
    430               30  
    431               32  
    432               34  
    433               36  
    434               37  
    435               33  
    436               30  
    437               29  
    438               31  
    439               33  
    440               35  
    441               37  
    442               37  
    443               34  
    444               31  
    445               30  
    446               31  
    447               33  
    448               34  
    449               37  
    450               37  
    451               34  
    452               30  
    453               29  
    454               31  
    455               33  
    456               35  
    457               37  
    458               38  
    459               36  
    460               33  
    461               31  
    462               31  
    463               32  
    464               34  
    465               35  
    466               37  
    467               37  
    468               35  
    469               31  
    470               30  
    471               31  
    472               32  
    473               34  
    474               37  
    475               37  
    476               34  
    477               31  
    478               29  
    479               31  
    480               33  
    481               35  
    482               37  
    483               37  
    484               33  
    485               30  
    486               29  
    487               31  
    488               33  
    489               35  
    490               37  
    491               35  
    492               32  
    493               29  
    494               30  
    495               32  
    496               34  
    497               36  
    498               38  
    499               36  
