    0                 33  
    1                 36  
    2                 35  
    3                 31  
    4                 29  
    5                 29  
    6                 31  
    7                 34  
    8                 36  
    9                 38  
    10                35  
    11                32  
    12                30  
    13                30  
    14                32  
    15                34  
    16                36  
    17                38  
    18                38  
    19                36  
    20                33  
    21                31  
    22                31  
    23                32  
    24                34  
    25                36  
    26                38  
    27                39  
    28                39  
    29                38  
    30                35  
    31                33  
    32                32  
    33                32  
    34                33  
    35                35  
    36                36  
    37                38  
    38                39  
    39                40  
    40                40  
    41                38  
    42                36  
    43                34  
    44                33  
    45                33  
    46                34  
    47                35  
    48                36  
    49                37  
    50                39  
    51                40  
    52                41  
    53                41  
    54                40  
    55                38  
    56                36  
    57                35  
    58                34  
    59                33  
    60                34  
    61                35  
    62                36  
    63                37  
    64                38  
    65                39  
    66                40  
    67                41  
    68                42  
    69                41  
    70                40  
    71                38  
    72                36  
    73                35  
    74                34  
    75                34  
    76                34  
    77                35  
    78                36  
    79                37  
    80                38  
    81                39  
    82                40  
    83                41  
    84                42  
    85                42  
    86                42  
    87                40  
    88                39  
    89                37  
    90                35  
    91                35  
    92                34  
    93                34  
    94                35  
    95                36  
    96                36  
    97                37  
    98                38  
    99                39  
    100               40  
    101               40  
    102               41  
    103               42  
    104               43  
    105               43  
    106               43  
    107               42  
    108               41  
    109               40  
    110               39  
    111               38  
    112               37  
    113               37  
    114               36  
    115               36  
    116               36  
    117               36  
    118               36  
    119               36  
    120               36  
    121               37  
    122               37  
    123               38  
    124               38  
    125               39  
    126               39  
    127               39  
    128               40  
    129               40  
    130               40  
    131               40  
    132               41  
    133               41  
    134               41  
    135               41  
    136               41  
    137               41  
    138               41  
    139               41  
    140               41  
    141               42  
    142               42  
    143               42  
    144               42  
    145               42  
    146               42  
    147               42  
    148               42  
    149               42  
    150               41  
    151               41  
    152               41  
    153               41  
    154               41  
    155               41  
    156               41  
    157               41  
    158               41  
    159               41  
    160               41  
    161               41  
    162               40  
    163               40  
    164               40  
    165               39  
    166               39  
    167               39  
    168               39  
    169               39  
    170               38  
    171               38  
    172               38  
    173               38  
    174               38  
    175               39  
    176               39  
    177               39  
    178               39  
    179               39  
    180               39  
    181               39  
    182               39  
    183               39  
    184               40  
    185               40  
    186               40  
    187               40  
    188               41  
    189               41  
    190               42  
    191               42  
    192               42  
    193               43  
    194               43  
    195               44  
    196               44  
    197               44  
    198               44  
    199               44  
    200               43  
    201               43  
    202               42  
    203               41  
    204               40  
    205               39  
    206               37  
    207               37  
    208               36  
    209               36  
    210               36  
    211               35  
    212               36  
    213               36  
    214               36  
    215               37  
    216               37  
    217               38  
    218               38  
    219               39  
    220               39  
    221               40  
    222               41  
    223               41  
    224               42  
    225               43  
    226               44  
    227               44  
    228               44  
    229               43  
    230               43  
    231               42  
    232               41  
    233               40  
    234               39  
    235               38  
    236               37  
    237               36  
    238               36  
    239               35  
    240               35  
    241               36  
    242               36  
    243               36  
    244               37  
    245               37  
    246               38  
    247               39  
    248               39  
    249               40  
    250               40  
    251               41  
    252               41  
    253               42  
    254               43  
    255               43  
    256               43  
    257               43  
    258               42  
    259               41  
    260               40  
    261               39  
    262               38  
    263               37  
    264               36  
    265               36  
    266               35  
    267               35  
    268               35  
    269               36  
    270               36  
    271               37  
    272               38  
    273               38  
    274               39  
    275               40  
    276               40  
    277               41  
    278               42  
    279               42  
    280               43  
    281               44  
    282               44  
    283               43  
    284               43  
    285               42  
    286               41  
    287               40  
    288               39  
    289               38  
    290               37  
    291               36  
    292               36  
    293               36  
    294               35  
    295               36  
    296               36  
    297               36  
    298               37  
    299               37  
    300               38  
    301               38  
    302               39  
    303               40  
    304               40  
    305               41  
    306               42  
    307               42  
    308               43  
    309               44  
    310               44  
    311               44  
    312               44  
    313               44  
    314               43  
    315               43  
    316               42  
    317               41  
    318               40  
    319               39  
    320               38  
    321               38  
    322               37  
    323               36  
    324               36  
    325               36  
    326               36  
    327               36  
    328               36  
    329               36  
    330               37  
    331               37  
    332               38  
    333               38  
    334               39  
    335               39  
    336               40  
    337               41  
    338               42  
    339               42  
    340               43  
    341               44  
    342               44  
    343               44  
    344               44  
    345               43  
    346               43  
    347               42  
    348               41  
    349               40  
    350               39  
    351               38  
    352               37  
    353               37  
    354               36  
    355               36  
    356               36  
    357               36  
    358               36  
    359               36  
    360               37  
    361               37  
    362               37  
    363               38  
    364               38  
    365               38  
    366               39  
    367               39  
    368               40  
    369               40  
    370               40  
    371               41  
    372               41  
    373               42  
    374               42  
    375               43  
    376               43  
    377               44  
    378               44  
    379               44  
    380               44  
    381               44  
    382               44  
    383               44  
    384               43  
    385               42  
    386               42  
    387               41  
    388               40  
    389               40  
    390               39  
    391               39  
    392               38  
    393               38  
    394               37  
    395               37  
    396               37  
    397               37  
    398               37  
    399               36  
    400               36  
    401               36  
    402               36  
    403               37  
    404               37  
    405               37  
    406               38  
    407               38  
    408               39  
    409               39  
    410               39  
    411               39  
    412               40  
    413               40  
    414               41  
    415               41  
    416               41  
    417               41  
    418               42  
    419               42  
    420               43  
    421               43  
    422               44  
    423               44  
    424               45  
    425               45  
    426               45  
    427               44  
    428               44  
    429               44  
    430               44  
    431               43  
    432               43  
    433               42  
    434               41  
    435               41  
    436               41  
    437               40  
    438               40  
    439               40  
    440               40  
    441               40  
    442               40  
    443               40  
    444               40  
    445               40  
    446               40  
    447               40  
    448               39  
    449               39  
    450               39  
    451               39  
    452               40  
    453               40  
    454               40  
    455               40  
    456               41  
    457               41  
    458               42  
    459               42  
    460               42  
    461               43  
    462               43  
    463               44  
    464               44  
    465               44  
    466               45  
    467               45  
    468               46  
    469               46  
    470               47  
    471               47  
    472               48  
    473               48  
    474               48  
    475               47  
    476               47  
    477               47  
    478               46  
    479               46  
    480               45  
    481               44  
    482               44  
    483               44  
    484               43  
    485               43  
    486               43  
    487               42  
    488               42  
    489               41  
    490               40  
    491               40  
    492               40  
    493               40  
    494               40  
    495               40  
    496               40  
    497               40  
    498               41  
    499               42  

