    0                 44  
    1                 45  
    2                 44  
    3                 43  
    4                 42  
    5                 41  
    6                 41  
    7                 40  
    8                 40  
    9                 40  
    10                41  
    11                42  
    12                43  
    13                44  
    14                46  
    15                47  
    16                48  
    17                49  
    18                49  
    19                48  
    20                47  
    21                46  
    22                46  
    23                45  
    24                44  
    25                43  
    26                42  
    27                42  
    28                41  
    29                41  
    30                42  
    31                44  
    32                45  
    33                47  
    34                48  
    35                49  
    36                49  
    37                49  
    38                48  
    39                47  
    40                46  
    41                45  
    42                44  
    43                43  
    44                42  
    45                42  
    46                42  
    47                42  
    48                44  
    49                45  
    50                47  
    51                48  
    52                49  
    53                50  
    54                49  
    55                48  
    56                47  
    57                46  
    58                45  
    59                44  
    60                43  
    61                42  
    62                42  
    63                42  
    64                43  
    65                45  
    66                46  
    67                48  
    68                50  
    69                50  
    70                50  
    71                48  
    72                47  
    73                46  
    74                45  
    75                43  
    76                42  
    77                42  
    78                42  
    79                43  
    80                44  
    81                46  
    82                48  
    83                49  
    84                50  
    85                50  
    86                49  
    87                48  
    88                46  
    89                45  
    90                44  
    91                43  
    92                42  
    93                42  
    94                43  
    95                44  
    96                46  
    97                48  
    98                49  
    99                51  
    100               50  
    101               49  
    102               47  
    103               46  
    104               45  
    105               44  
    106               42  
    107               42  
    108               43  
    109               44  
    110               45  
    111               47  
    112               49  
    113               50  
    114               50  
    115               49  
    116               48  
    117               47  
    118               45  
    119               44  
    120               43  
    121               42  
    122               43  
    123               44  
    124               45  
    125               47  
    126               49  
    127               50  
    128               50  
    129               49  
    130               48  
    131               47  
    132               45  
    133               44  
    134               43  
    135               42  
    136               43  
    137               44  
    138               46  
    139               48  
    140               50  
    141               51  
    142               50  
    143               49  
    144               47  
    145               46  
    146               45  
    147               44  
    148               43  
    149               42  
    150               43  
    151               45  
    152               47  
    153               49  
    154               51  
    155               51  
    156               49  
    157               48  
    158               47  
    159               45  
    160               44  
    161               43  
    162               43  
    163               43  
    164               44  
    165               46  
    166               49  
    167               51  
    168               51  
    169               50  
    170               48  
    171               47  
    172               45  
    173               44  
    174               43  
    175               43  
    176               43  
    177               44  
    178               46  
    179               48  
    180               50  
    181               51  
    182               50  
    183               49  
    184               47  
    185               46  
    186               44  
    187               43  
    188               42  
    189               42  
    190               43  
    191               45  
    192               48  
    193               50  
    194               51  
    195               51  
    196               49  
    197               48  
    198               46  
    199               45  
    200               43  
    201               42  
    202               42  
    203               44  
    204               45  
    205               48  
    206               50  
    207               51  
    208               51  
    209               49  
    210               47  
    211               46  
    212               45  
    213               43  
    214               43  
    215               43  
    216               45  
    217               48  
    218               50  
    219               51  
    220               51  
    221               49  
    222               48  
    223               46  
    224               45  
    225               43  
    226               44  
    227               45  
    228               47  
    229               50  
    230               51  
    231               51  
    232               50  
    233               48  
    234               47  
    235               45  
    236               44  
    237               44  
    238               45  
    239               48  
    240               51  
    241               52  
    242               51  
    243               49  
    244               47  
    245               46  
    246               44  
    247               43  
    248               44  
    249               46  
    250               48  
    251               51  
    252               52  
    253               51  
    254               49  
    255               47  
    256               46  
    257               44  
    258               43  
    259               43  
    260               45  
    261               47  
    262               49  
    263               51  
    264               51  
    265               50  
    266               48  
    267               47  
    268               45  
    269               44  
    270               43  
    271               42  
    272               43  
    273               44  
    274               46  
    275               48  
    276               49  
    277               50  
    278               50  
    279               49  
    280               48  
    281               46  
    282               45  
    283               44  
    284               43  
    285               42  
    286               41  
    287               42  
    288               42  
    289               43  
    290               45  
    291               46  
    292               48  
    293               49  
    294               50  
    295               49  
    296               48  
    297               47  
    298               46  
    299               45  
    300               44  
    301               43  
    302               42  
    303               41  
    304               41  
    305               41  
    306               41  
    307               42  
    308               44  
    309               45  
    310               47  
    311               49  
    312               49  
    313               50  
    314               49  
    315               48  
    316               47  
    317               45  
    318               44  
    319               44  
    320               43  
    321               42  
    322               41  
    323               41  
    324               41  
    325               41  
    326               41  
    327               42  
    328               43  
    329               44  
    330               46  
    331               47  
    332               48  
    333               48  
    334               48  
    335               48  
    336               48  
    337               47  
    338               47  
    339               46  
    340               45  
    341               44  
    342               44  
    343               43  
    344               42  
    345               42  
    346               41  
    347               40  
    348               40  
    349               40  
    350               40  
    351               40  
    352               40  
    353               41  
    354               42  
    355               43  
    356               45  
    357               46  
    358               47  
    359               48  
    360               48  
    361               49  
    362               48  
    363               47  
    364               47  
    365               46  
    366               45  
    367               45  
    368               44  
    369               44  
    370               43  
    371               43  
    372               42  
    373               42  
    374               41  
    375               41  
    376               40  
    377               40  
    378               40  
    379               40  
    380               40  
    381               41  
    382               41  
    383               42  
    384               43  
    385               44  
    386               45  
    387               46  
    388               47  
    389               48  
    390               48  
    391               48  
    392                0  
    393               47  
    394               46  
    395               46  
    396               45  
    397               45  
    398               44  
    399               44  
    400               43  
    401               43  
    402               42  
    403               42  
    404               42  
    405               41  
    406               41  
    407               40  
    408               40  
    409               40  
    410               39  
    411               39  
    412               39  
    413               39  
    414               39  
    415               39  
    416               39  
    417               39  
    418               39  
    419               39  
    420               39  
    421               39  
    422               39  
    423               39  
    424               39  
    425               39  
    426               39  
    427               39  
    428               39  
    429               39  
    430               39  
    431               39  
    432               39  
    433               40  
    434               39  
    435               40  
    436               40  
    437               40  
    438               40  
    439               40  
    440               40  
    441               40  
    442               39  
    443               39  
    444               39  
    445               39  
    446               39  
    447               39  
    448               39  
    449               38  
    450               38  
    451               38  
    452               38  
    453               38  
    454               38  
    455               38  
    456                0  
    457               38  
    458               38  
    459               38  
    460               37  
    461               37  
    462               37  
    463               37  
    464               37  
    465               37  
    466               37  
    467               37  
    468               37  
    469               37  
    470               37  
    471               37  
    472               37  
    473               37  
    474               37  
    475               37  
    476               37  
    477               37  
    478               37  
    479               37  
    480               37  
    481               37  
    482               38  
    483               38  
    484               38  
    485               38  
    486               38  
    487               38  
    488               38  
    489               38  
    490               38  
    491               38  
    492               38  
    493               38  
    494               38  
    495               38  
    496               39  
    497               39  
    498               39  
    499               39  

