    0                 42  
    1                 43  
    2                 45  
    3                 47  
    4                 49  
    5                 50  
    6                 50  
    7                 49  
    8                 48  
    9                 47  
    10                45  
    11                44  
    12                43  
    13                42  
    14                42  
    15                43  
    16                45  
    17                47  
    18                50  
    19                51  
    20                51  
    21                49  
    22                48  
    23                46  
    24                45  
    25                44  
    26                43  
    27                43  
    28                44  
    29                47  
    30                49  
    31                51  
    32                52  
    33                50  
    34                48  
    35                47  
    36                45  
    37                44  
    38                43  
    39                45  
    40                47  
    41                50  
    42                52  
    43                52  
    44                50  
    45                48  
    46                46  
    47                45  
    48                44  
    49                46  
    50                49  
    51                52  
    52                53  
    53                51  
    54                49  
    55                47  
    56                45  
    57                45  
    58                47  
    59                50  
    60                53  
    61                53  
    62                51  
    63                49  
    64                47  
    65                45  
    66                46  
    67                49  
    68                52  
    69                54  
    70                52  
    71                50  
    72                47  
    73                46  
    74                46  
    75                48  
    76                52  
    77                54  
    78                53  
    79                50  
    80                48  
    81                46  
    82                46  
    83                49  
    84                53  
    85                55  
    86                52  
    87                50  
    88                47  
    89                46  
    90                48  
    91                52  
    92                55  
    93                53  
    94                51  
    95                48  
    96                47  
    97                50  
    98                54  
    99                55  
    100               53  
    101               50  
    102               48  
    103               48  
    104               52  
    105               56  
    106               55  
    107               52  
    108               49  
    109               48  
    110               51  
    111               56  
    112               55  
    113               52  
    114               49  
    115               48  
    116               51  
    117               56  
    118               56  
    119               53  
    120               50  
    121               48  
    122               52  
    123               56  
    124               56  
    125               52  
    126               49  
    127               49  
    128               53  
    129               57  
    130               55  
    131               52  
    132               49  
    133               50  
    134               55  
    135               58  
    136               54  
    137               51  
    138               49  
    139               53  
    140               57  
    141               56  
    142               53  
    143               50  
    144               50  
    145               56  
    146               58  
    147               55  
    148               51  
    149               50  
    150               54  
    151               58  
    152               56  
    153               52  
    154               49  
    155               52  
    156               57  
    157               57  
    158               53  
    159               50  
    160               51  
    161               56  
    162               58  
    163               54  
    164               51  
    165               51  
    166               56  
    167               58  
    168               54  
    169               51  
    170               50  
    171               55  
    172               59  
    173               55  
    174               52  
    175               50  
    176               55  
    177               59  
    178               56  
    179               52  
    180               50  
    181               55  
    182               59  
    183               56  
    184               52  
    185               51  
    186               55  
    187               59  
    188               56  
    189               52  
    190               51  
    191               56  
    192               59  
    193               55  
    194               51  
    195               51  
    196               56  
    197               59  
    198               55  
    199               51  
    200               51  
    201               57  
    202               59  
    203               55  
    204               51  
    205               52  
    206               58  
    207               58  
    208               54  
    209               51  
    210               53  
    211               58  
    212               58  
    213               54  
    214               51  
    215               54  
    216               59  
    217               57  
    218               53  
    219               51  
    220               55  
    221               59  
    222               56  
    223               52  
    224               51  
    225               56  
    226               59  
    227               55  
    228               52  
    229               52  
    230               58  
    231               59  
    232               54  
    233               51  
    234               53  
    235               59  
    236               57  
    237               53  
    238               51  
    239               55  
    240               60  
    241               57  
    242               52  
    243               51  
    244               57  
    245               60  
    246               55  
    247               51  
    248               52  
    249               58  
    250               58  
    251               54  
    252               51  
    253               54  
    254               59  
    255               57  
    256               53  
    257               51  
    258               56  
    259               60  
    260               56  
    261               52  
    262               52  
    263               57  
    264               59  
    265               55  
    266               51  
    267               53  
    268               59  
    269               58  
    270               54  
    271               51  
    272               55  
    273               60  
    274               57  
    275               52  
    276               51  
    277               55  
    278               60  
    279               56  
    280               52  
    281               51  
    282               56  
    283               59  
    284               55  
    285               51  
    286               51  
    287               55  
    288               59  
    289               55  
    290               52  
    291               50  
    292               54  
    293               59  
    294               56  
    295               52  
    296               50  
    297               53  
    298               58  
    299               56  
    300               52  
    301               49  
    302               51  
    303               57  
    304               58  
    305               54  
    306               50  
    307               50  
    308               55  
    309               58  
    310               55  
    311               51  
    312               50  
    313               53  
    314               58  
    315               56  
    316               52  
    317               49  
    318               51  
    319               57  
    320               57  
    321               54  
    322               50  
    323               50  
    324               55  
    325               58  
    326               55  
    327               51  
    328               49  
    329               53  
    330               58  
    331               56  
    332               53  
    333               50  
    334               51  
    335               56  
    336               58  
    337               54  
    338               50  
    339               50  
    340               54  
    341               58  
    342               55  
    343               52  
    344               49  
    345               52  
    346               57  
    347               57  
    348               53  
    349               50  
    350               50  
    351               55  
    352               58  
    353               54  
    354               51  
    355               49  
    356               53  
    357               58  
    358               56  
    359               52  
    360               50  
    361               52  
    362               57  
    363               57  
    364               54  
    365               50  
    366               51  
    367               56  
    368               58  
    369               54  
    370               51  
    371               50  
    372               54  
    373               59  
    374               55  
    375               52  
    376               50  
    377               54  
    378               59  
    379               56  
    380               52  
    381               50  
    382               53  
    383               58  
    384               57  
    385               53  
    386               50  
    387               53  
    388               58  
    389               57  
    390               53  
    391               50  
    392               53  
    393               58  
    394               57  
    395               53  
    396               50  
    397               52  
    398               58  
    399               57  
    400               53  
    401               50  
    402               52  
    403               58  
    404               58  
    405               54  
    406               50  
    407               52  
    408               57  
    409               58  
    410               54  
    411               50  
    412               52  
    413               57  
    414               58  
    415               54  
    416               51  
    417               51  
    418               57  
    419               58  
    420               54  
    421               51  
    422               51  
    423               55  
    424               58  
    425               55  
    426               51  
    427               50  
    428               54  
    429               58  
    430               56  
    431               52  
    432               50  
    433               52  
    434               57  
    435               57  
    436               53  
    437               50  
    438               50  
    439               54  
    440               57  
    441               55  
    442               51  
    443               49  
    444               50  
    445               55  
    446               57  
    447               54  
    448               50  
    449               48  
    450               50  
    451               55  
    452               56  
    453               53  
    454               50  
    455               48  
    456               49  
    457               53  
    458               56  
    459               54  
    460               51  
    461               48  
    462               47  
    463               50  
    464               55  
    465               56  
    466               53  
    467               50  
    468               47  
    469               49  
    470               53  
    471               56  
    472               54  
    473               51  
    474               48  
    475               48  
    476               50  
    477               54  
    478               55  
    479               53  
    480               50  
    481               47  
    482               47  
    483               51  
    484               55  
    485               55  
    486               52  
    487               49  
    488               47  
    489               47  
    490               51  
    491               54  
    492               55  
    493               52  
    494               49  
    495               47  
    496               47  
    497               50  
    498               54  
    499               55  
